# 扫描参数	信号	背景	对比度	差分信号
2840000000.000000	-2.08118658	-2.08126117	-2.08118658	0.00007458
2840500000.000000	-2.08136538	-2.08135887	-2.08136538	-0.00000651
2841000000.000000	-2.08134747	-2.08135040	-2.08134747	0.00000293
2841500000.000000	-2.08142759	-2.08145267	-2.08142759	0.00002508
2842000000.000000	-2.08139893	-2.08140870	-2.08139893	0.00000977
2842500000.000000	-2.07796851	-2.07799978	-2.07796851	0.00003127
2843000000.000000	-2.07801671	-2.07807143	-2.07801671	0.00005471
2843500000.000000	-2.07750116	-2.07754513	-2.07750116	0.00004397
2844000000.000000	-2.07755066	-2.07758225	-2.07755066	0.00003159
2844500000.000000	-2.07718981	-2.07714844	-2.07718981	-0.00004136
2845000000.000000	-2.07691200	-2.07684100	-2.07691200	-0.00007100
2845500000.000000	-2.07687552	-2.07687357	-2.07687552	-0.00000195
2846000000.000000	-2.07640817	-2.07629516	-2.07640817	-0.00011301
2846500000.000000	-2.07599357	-2.07595742	-2.07599357	-0.00003615
2847000000.000000	-2.07546857	-2.07541028	-2.07546857	-0.00005830
2847500000.000000	-2.08157936	-2.08163570	-2.08157936	0.00005634
2848000000.000000	-2.08167381	-2.08174122	-2.08167381	0.00006742
2848500000.000000	-2.08154679	-2.08155396	-2.08154679	0.00000717
2849000000.000000	-2.08125140	-2.08123967	-2.08125140	-0.00001172
2849500000.000000	-2.08153279	-2.08159727	-2.08153279	0.00006449
2850000000.000000	-2.08116216	-2.08114620	-2.08116216	-0.00001596
2850500000.000000	-2.08112992	-2.08124358	-2.08112992	0.00011366
2851000000.000000	-2.08191677	-2.08189462	-2.08191677	-0.00002215
2851500000.000000	-2.08164547	-2.08163082	-2.08164547	-0.00001466
2852000000.000000	-2.08167804	-2.08167999	-2.08167804	0.00000195
2852500000.000000	-2.06741867	-2.06740304	-2.06741867	-0.00001563
2853000000.000000	-2.06491222	-2.06491450	-2.06491222	0.00000228
2853500000.000000	-2.06449404	-2.06445756	-2.06449404	-0.00003648
2854000000.000000	-2.06300535	-2.06303335	-2.06300535	0.00002801
2854500000.000000	-2.05947950	-2.05948765	-2.05947950	0.00000814
2855000000.000000	-2.05764233	-2.05765177	-2.05764233	0.00000944
2855500000.000000	-2.05673400	-2.05669752	-2.05673400	-0.00003648
2856000000.000000	-2.05453531	-2.05457179	-2.05453531	0.00003648
2856500000.000000	-2.05146510	-2.05148725	-2.05146510	0.00002215
2857000000.000000	-2.04772431	-2.04777316	-2.04772431	0.00004885
2857500000.000000	-2.08101137	-2.08110354	-2.08101137	0.00009217
2858000000.000000	-2.08116053	-2.08122697	-2.08116053	0.00006644
2858500000.000000	-2.08142564	-2.08140186	-2.08142564	-0.00002377
2859000000.000000	-2.08181059	-2.08173601	-2.08181059	-0.00007458
2859500000.000000	-2.08151357	-2.08150347	-2.08151357	-0.00001010
2860000000.000000	-2.08155884	-2.08159792	-2.08155884	0.00003908
2860500000.000000	-2.08161649	-2.08164645	-2.08161649	0.00002996
2861000000.000000	-2.08152627	-2.08144094	-2.08152627	-0.00008533
2861500000.000000	-2.08133021	-2.08140154	-2.08133021	0.00007132
2862000000.000000	-2.08181711	-2.08175979	-2.08181711	-0.00005732
2862500000.000000	-1.98267504	-1.98264704	-1.98267504	-0.00002801
2863000000.000000	-1.97384579	-1.97379758	-1.97384579	-0.00004820
2863500000.000000	-1.96556498	-1.96549105	-1.96556498	-0.00007393
2864000000.000000	-1.95838725	-1.95844034	-1.95838725	0.00005309
2864500000.000000	-1.95329976	-1.95325286	-1.95329976	-0.00004690
2865000000.000000	-1.94913265	-1.94914894	-1.94913265	0.00001628
2865500000.000000	-1.94612790	-1.94613735	-1.94612790	0.00000944
2866000000.000000	-1.94525507	-1.94520231	-1.94525507	-0.00005276
2866500000.000000	-1.94553842	-1.94561398	-1.94553842	0.00007556
2867000000.000000	-1.94919356	-1.94916066	-1.94919356	-0.00003289
2867500000.000000	-2.08231736	-2.08233820	-2.08231736	0.00002084
2868000000.000000	-2.08185651	-2.08186661	-2.08185651	0.00001010
2868500000.000000	-2.08168879	-2.08163896	-2.08168879	-0.00004983
2869000000.000000	-2.08148230	-2.08147253	-2.08148230	-0.00000977
2869500000.000000	-2.08172298	-2.08170833	-2.08172298	-0.00001466
2870000000.000000	-2.08197181	-2.08192035	-2.08197181	-0.00005146
2870500000.000000	-2.08128364	-2.08126931	-2.08128364	-0.00001433
2871000000.000000	-2.08143997	-2.08136962	-2.08143997	-0.00007035
2871500000.000000	-2.08138167	-2.08144094	-2.08138167	0.00005927
2872000000.000000	-2.08121427	-2.08115597	-2.08121427	-0.00005830
2872500000.000000	-1.94759445	-1.94763549	-1.94759445	0.00004104
2873000000.000000	-1.95105092	-1.95105972	-1.95105092	0.00000879
2873500000.000000	-1.95506855	-1.95509525	-1.95506855	0.00002671
2874000000.000000	-1.96135943	-1.96130342	-1.96135943	-0.00005602
2874500000.000000	-1.96918689	-1.96920187	-1.96918689	0.00001498
2875000000.000000	-1.97742080	-1.97742862	-1.97742080	0.00000782
2875500000.000000	-1.98660148	-1.98658031	-1.98660148	-0.00002117
2876000000.000000	-1.99442470	-1.99430811	-1.99442470	-0.00011659
2876500000.000000	-2.00213980	-2.00207890	-2.00213980	-0.00006090
2877000000.000000	-2.08179529	-2.08183046	-2.08179529	0.00003517
2877500000.000000	-2.08153409	-2.08160867	-2.08153409	0.00007458
2878000000.000000	-2.08164710	-2.08164124	-2.08164710	-0.00000586
2878500000.000000	-2.08144583	-2.08136180	-2.08144583	-0.00008403
2879000000.000000	-2.08146472	-2.08153897	-2.08146472	0.00007426
2879500000.000000	-2.08184153	-2.08181222	-2.08184153	-0.00002931
2880000000.000000	-2.08283682	-2.08287427	-2.08283682	0.00003745
2880500000.000000	-2.08155005	-2.08152432	-2.08155005	-0.00002573
2881000000.000000	-2.08207505	-2.08204736	-2.08207505	-0.00002768
2881500000.000000	-2.08152823	-2.08151259	-2.08152823	-0.00001563
2882000000.000000	-2.05077238	-2.05084142	-2.05077238	0.00006904
2882500000.000000	-2.05374000	-2.05380285	-2.05374000	0.00006286
2883000000.000000	-2.05646694	-2.05644544	-2.05646694	-0.00002150
2883500000.000000	-2.05890174	-2.05886266	-2.05890174	-0.00003908
2884000000.000000	-2.06045655	-2.06046274	-2.06045655	0.00000619
2884500000.000000	-2.06250575	-2.06249370	-2.06250575	-0.00001205
2885000000.000000	-2.06657548	-2.06652370	-2.06657548	-0.00005178
2885500000.000000	-2.06872694	-2.06869242	-2.06872694	-0.00003452
2886000000.000000	-2.07020261	-2.07015376	-2.07020261	-0.00004885
2886500000.000000	-2.08197246	-2.08204899	-2.08197246	0.00007654
2887000000.000000	-2.08190081	-2.08185391	-2.08190081	-0.00004690
2887500000.000000	-2.08173275	-2.08181124	-2.08173275	0.00007849
2888000000.000000	-2.08159011	-2.08166664	-2.08159011	0.00007654
2888500000.000000	-2.08198255	-2.08195357	-2.08198255	-0.00002899
2889000000.000000	-2.08169986	-2.08166469	-2.08169986	-0.00003517
2889500000.000000	-2.08189494	-2.08193631	-2.08189494	0.00004136
2890000000.000000	-2.08162365	-2.08166176	-2.08162365	0.00003810
2890500000.000000	-2.08187052	-2.08182460	-2.08187052	-0.00004592
2891000000.000000	-2.08227209	-2.08222616	-2.08227209	-0.00004592
2891500000.000000	-2.07705790	-2.07703446	-2.07705790	-0.00002345
2892000000.000000	-2.07627887	-2.07630167	-2.07627887	0.00002280
2892500000.000000	-2.07495986	-2.07496963	-2.07495986	0.00000977
2893000000.000000	-2.07477813	-2.07481362	-2.07477813	0.00003550
2893500000.000000	-2.07525623	-2.07530606	-2.07525623	0.00004983
2894000000.000000	-2.07581054	-2.07581217	-2.07581054	0.00000163
2894500000.000000	-2.07614762	-2.07615251	-2.07614762	0.00000489
2895000000.000000	-2.07674883	-2.07684295	-2.07674883	0.00009412
2895500000.000000	-2.07729989	-2.07735330	-2.07729989	0.00005341
2896000000.000000	-2.08192654	-2.08188843	-2.08192654	-0.00003810
2896500000.000000	-2.08221867	-2.08220532	-2.08221867	-0.00001335
2897000000.000000	-2.08172136	-2.08179170	-2.08172136	0.00007035
2897500000.000000	-2.08166371	-2.08166371	-2.08166371	0.00000000
2898000000.000000	-2.08143508	-2.08148100	-2.08143508	0.00004592
2898500000.000000	-2.08151096	-2.08141977	-2.08151096	-0.00009119
2899000000.000000	-2.08142987	-2.08149436	-2.08142987	0.00006449
2899500000.000000	-2.08178096	-2.08176728	-2.08178096	-0.00001368
2900000000.000000	-2.08163375	-2.08153539	-2.08163375	-0.00009836
