# 扫描参数	信号	背景	对比度	差分信号
2840000000.000000	-2.08018641	-2.08031701	-0.00003139	0.00013060
2840500000.000000	-2.07961549	-2.07990112	-0.00006867	0.00028562
2841000000.000000	-2.07806882	-2.07785387	0.00005172	-0.00021495
2841500000.000000	-2.07847918	-2.07855051	-0.00001716	0.00007132
2842000000.000000	-2.07854139	-2.07856582	-0.00000588	0.00002443
2842500000.000000	-2.07916800	-2.07921197	-0.00001057	0.00004397
2843000000.000000	-2.07846355	-2.07808739	0.00009050	-0.00037616
2843500000.000000	-2.07874722	-2.07854888	0.00004771	-0.00019834
2844000000.000000	-2.07860001	-2.07864496	-0.00001081	0.00004494
2844500000.000000	-2.07692437	-2.07706116	-0.00003293	0.00013679
2845000000.000000	-2.07637755	-2.07638504	-0.00000180	0.00000749
2845500000.000000	-2.07668891	-2.07595775	0.00017607	-0.00073116
2846000000.000000	-2.07766563	-2.07771122	-0.00001097	0.00004560
2846500000.000000	-2.07674004	-2.07665341	0.00002086	-0.00008663
2847000000.000000	-2.07662377	-2.07683253	-0.00005026	0.00020876
2847500000.000000	-2.07659804	-2.07671594	-0.00002839	0.00011790
2848000000.000000	-2.07608053	-2.07614697	-0.00001600	0.00006644
2848500000.000000	-2.07593137	-2.07600237	-0.00001710	0.00007100
2849000000.000000	-2.07548811	-2.07572456	-0.00005696	0.00023645
2849500000.000000	-2.07600400	-2.07579751	0.00004973	-0.00020648
2850000000.000000	-2.07502597	-2.07502011	0.00000141	-0.00000586
2850500000.000000	-2.07436223	-2.07463059	-0.00006468	0.00026836
2851000000.000000	-2.07407888	-2.07398607	0.00002238	-0.00009282
2851500000.000000	-2.07345357	-2.07388706	-0.00010452	0.00043348
2852000000.000000	-2.07275564	-2.07257781	0.00004290	-0.00017782
2852500000.000000	-2.06988735	-2.07024430	-0.00008622	0.00035695
2853000000.000000	-2.06818924	-2.06782382	0.00008835	-0.00036542
2853500000.000000	-2.06862207	-2.06873117	-0.00002637	0.00010910
2854000000.000000	-2.06840354	-2.06792674	0.00011527	-0.00047680
2854500000.000000	-2.06649634	-2.06723271	-0.00017814	0.00073637
2855000000.000000	-2.06499201	-2.06520891	-0.00005252	0.00021690
2855500000.000000	-2.06271842	-2.06389251	-0.00028452	0.00117409
2856000000.000000	-2.06247937	-2.06211688	0.00008788	-0.00036248
2856500000.000000	-2.05993481	-2.05958763	0.00008428	-0.00034718
2857000000.000000	-2.05735312	-2.05573285	0.00039393	-0.00162027
2857500000.000000	-2.05228452	-2.05254311	-0.00006300	0.00025859
2858000000.000000	-2.05091665	-2.05062908	0.00007011	-0.00028758
2858500000.000000	-2.04712310	-2.04661699	0.00012363	-0.00050611
2859000000.000000	-2.04255768	-2.04319667	-0.00015639	0.00063899
2859500000.000000	-2.03654427	-2.03938488	-0.00069692	0.00284060
2860000000.000000	-2.03433549	-2.03080835	0.00086766	-0.00352714
2860500000.000000	-2.02651780	-2.03029182	-0.00093029	0.00377401
2861000000.000000	-2.02062783	-2.02432596	-0.00091426	0.00369813
2861500000.000000	-2.01557226	-2.01583671	-0.00006560	0.00026445
2862000000.000000	-2.01188195	-2.00663715	0.00130516	-0.00524479
2862500000.000000	-1.99999876	-2.00134546	-0.00033656	0.00134670
2863000000.000000	-1.99064646	-1.99368182	-0.00076183	0.00303536
2863500000.000000	-1.97976246	-1.98577131	-0.00151527	0.00600885
2864000000.000000	-1.97167348	-1.98137427	-0.00245400	0.00970079
2864500000.000000	-1.96521161	-1.97539929	-0.00258531	0.01018768
2865000000.000000	-1.96150404	-1.97105859	-0.00242960	0.00955455
2865500000.000000	-1.96266021	-1.96147929	0.00030094	-0.00118093
2866000000.000000	-1.95645302	-1.96534481	-0.00226727	0.00889179
2866500000.000000	-1.96079633	-1.96119138	-0.00010073	0.00039505
2867000000.000000	-1.96281328	-1.96460063	-0.00045510	0.00178735
2867500000.000000	-1.97019325	-1.97203238	-0.00046652	0.00183913
2868000000.000000	-1.97884046	-1.98732970	-0.00214041	0.00848925
2868500000.000000	-1.99881751	-1.99224002	0.00164806	-0.00657749
2869000000.000000	-2.00033584	-2.00068074	-0.00008620	0.00034490
2869500000.000000	-1.98976809	-1.99636186	-0.00165418	0.00659377
2870000000.000000	-1.98080465	-1.97945925	0.00033972	-0.00134540
2870500000.000000	-1.96867362	-1.97192100	-0.00082408	0.00324738
2871000000.000000	-1.96326598	-1.96555293	-0.00058209	0.00228694
2871500000.000000	-1.96213619	-1.96200461	0.00003353	-0.00013158
2872000000.000000	-1.95918778	-1.96707777	-0.00200954	0.00788999
2872500000.000000	-1.96312463	-1.96657850	-0.00087891	0.00345387
2873000000.000000	-1.97115467	-1.96504779	0.00155146	-0.00610688
2873500000.000000	-1.97581063	-1.97044729	0.00135910	-0.00536334
2874000000.000000	-1.98245521	-1.97670854	0.00145149	-0.00574667
2874500000.000000	-1.98937988	-1.98807096	0.00032908	-0.00130892
2875000000.000000	-1.99489955	-2.00040619	-0.00137828	0.00550664
2875500000.000000	-2.00833494	-2.00329597	0.00125609	-0.00503896
2876000000.000000	-2.01282219	-2.01372010	-0.00022300	0.00089791
2876500000.000000	-2.01939447	-2.02085581	-0.00036170	0.00146134
2877000000.000000	-2.02779676	-2.02545901	0.00057676	-0.00233775
2877500000.000000	-2.03313926	-2.03089075	0.00055327	-0.00224851
2878000000.000000	-2.03879572	-2.03657326	0.00054534	-0.00222246
2878500000.000000	-2.04168029	-2.04309278	-0.00034579	0.00141249
2879000000.000000	-2.03971805	-2.04077066	-0.00025796	0.00105261
2879500000.000000	-2.04910162	-2.04715925	0.00047418	-0.00194237
2880000000.000000	-2.04850302	-2.04830598	0.00004810	-0.00019704
2880500000.000000	-2.05329674	-2.05418162	-0.00021543	0.00088488
2881000000.000000	-2.05906524	-2.05969217	-0.00015222	0.00062694
2881500000.000000	-2.06166777	-2.06202602	-0.00008688	0.00035825
2882000000.000000	-2.06392898	-2.06385766	0.00001728	-0.00007132
2882500000.000000	-2.06534961	-2.06534179	0.00000189	-0.00000782
2883000000.000000	-2.06695653	-2.06738610	-0.00010390	0.00042958
2883500000.000000	-2.06733334	-2.06813094	-0.00019287	0.00079760
2884000000.000000	-2.06768117	-2.06782871	-0.00003567	0.00014753
2884500000.000000	-2.06722001	-2.06693959	0.00006783	-0.00028041
2885000000.000000	-2.06860839	-2.06849017	0.00002858	-0.00011822
2885500000.000000	-2.06901680	-2.06873606	0.00006785	-0.00028074
2886000000.000000	-2.07212967	-2.07189095	0.00005761	-0.00023873
2886500000.000000	-2.07253222	-2.07182711	0.00017014	-0.00070510
2887000000.000000	-2.07133631	-2.07109107	0.00005920	-0.00024524
2887500000.000000	-2.07331190	-2.07325654	0.00001335	-0.00005537
2888000000.000000	-2.07369230	-2.07385579	-0.00003942	0.00016349
2888500000.000000	-2.07282891	-2.07288493	-0.00001351	0.00005602
2889000000.000000	-2.06874420	-2.06997105	-0.00029643	0.00122685
2889500000.000000	-2.07248825	-2.07235635	0.00003182	-0.00013190
2890000000.000000	-2.07253157	-2.07223291	0.00007206	-0.00029865
2890500000.000000	-2.07554739	-2.07529010	0.00006198	-0.00025729
2891000000.000000	-2.07390888	-2.07383365	0.00001814	-0.00007523
2891500000.000000	-2.07408247	-2.07436093	-0.00006712	0.00027846
2892000000.000000	-2.07440685	-2.07447198	-0.00001570	0.00006514
2892500000.000000	-2.07514615	-2.07497419	0.00004144	-0.00017196
2893000000.000000	-2.07485206	-2.07456122	0.00007009	-0.00029083
2893500000.000000	-2.07220979	-2.07192482	0.00006877	-0.00028497
2894000000.000000	-2.07525330	-2.07539334	-0.00003374	0.00014004
2894500000.000000	-2.07376688	-2.07394210	-0.00004224	0.00017522
2895000000.000000	-2.07728653	-2.07761026	-0.00007791	0.00032373
2895500000.000000	-2.07500187	-2.07531583	-0.00007565	0.00031396
2896000000.000000	-2.07325588	-2.07330702	-0.00001233	0.00005113
2896500000.000000	-2.07148384	-2.07113699	0.00008373	-0.00034685
2897000000.000000	-2.07459509	-2.07428602	0.00007450	-0.00030907
2897500000.000000	-2.07337248	-2.07306503	0.00007415	-0.00030744
2898000000.000000	-2.07582813	-2.07623165	-0.00009719	0.00040352
2898500000.000000	-2.07347018	-2.07307187	0.00009606	-0.00039831
2899000000.000000	-2.07072142	-2.07050452	0.00005238	-0.00021690
2899500000.000000	-2.06930275	-2.06902787	0.00006642	-0.00027488
2900000000.000000	-2.07468498	-2.07507482	-0.00009394	0.00038984
