# 扫描参数	信号	背景	对比度	差分信号	归一化对比度
2840000000.000000	-0.60026349	-0.60001043	-0.60026349	-0.00025306	0.99750771
2840500000.000000	-0.59974793	-0.60010553	-0.59974793	0.00035760	0.99665097
2841000000.000000	-0.59919883	-0.59903925	-0.59919883	-0.00015958	0.99573848
2841500000.000000	-0.59883863	-0.60017588	-0.59883863	0.00133725	0.99513990
2842000000.000000	-0.59895490	-0.59850676	-0.59895490	-0.00044814	0.99533311
2842500000.000000	-0.59827617	-0.59825012	-0.59827617	-0.00002605	0.99420522
2843000000.000000	-0.59819052	-0.59796059	-0.59819052	-0.00022993	0.99406288
2843500000.000000	-0.59840384	-0.59800390	-0.59840384	-0.00039994	0.99441738
2844000000.000000	-0.59848689	-0.59791108	-0.59848689	-0.00057581	0.99455539
2844500000.000000	-0.59834587	-0.59788861	-0.59834587	-0.00045726	0.99432104
2845000000.000000	-0.59830288	-0.59849927	-0.59830288	0.00019639	0.99424960
2845500000.000000	-0.59787200	-0.59819931	-0.59787200	0.00032731	0.99353357
2846000000.000000	-0.59777462	-0.59757824	-0.59777462	-0.00019639	0.99337175
2846500000.000000	-0.59725027	-0.59823514	-0.59725027	0.00098486	0.99250040
2847000000.000000	-0.59675426	-0.59703597	-0.59675426	0.00028172	0.99167613
2847500000.000000	-0.59645854	-0.59656341	-0.59645854	0.00010487	0.99118471
2848000000.000000	-0.59581629	-0.59594266	-0.59581629	0.00012636	0.99011743
2848500000.000000	-0.59587524	-0.59526491	-0.59587524	-0.00061033	0.99021539
2849000000.000000	-0.59516232	-0.59519098	-0.59516232	0.00002866	0.98903067
2849500000.000000	-0.59511575	-0.59513268	-0.59511575	0.00001694	0.98895328
2850000000.000000	-0.59499915	-0.59474870	-0.59499915	-0.00025045	0.98875952
2850500000.000000	-0.59472135	-0.59509946	-0.59472135	0.00037812	0.98829787
2851000000.000000	-0.59476629	-0.59470962	-0.59476629	-0.00005667	0.98837256
2851500000.000000	-0.59437124	-0.59399931	-0.59437124	-0.00037193	0.98771606
2852000000.000000	-0.59429177	-0.59359448	-0.59429177	-0.00069729	0.98758401
2852500000.000000	-0.59307567	-0.59321344	-0.59307567	0.00013776	0.98556311
2853000000.000000	-0.59268550	-0.59300239	-0.59268550	0.00031689	0.98491474
2853500000.000000	-0.59250931	-0.59255718	-0.59250931	0.00004788	0.98462194
2854000000.000000	-0.59214943	-0.59265749	-0.59214943	0.00050807	0.98402390
2854500000.000000	-0.59249856	-0.59221750	-0.59249856	-0.00028106	0.98460408
2855000000.000000	-0.59258747	-0.59220903	-0.59258747	-0.00037844	0.98475183
2855500000.000000	-0.59277474	-0.59268322	-0.59277474	-0.00009152	0.98506303
2856000000.000000	-0.59298090	-0.59350753	-0.59298090	0.00052663	0.98540562
2856500000.000000	-0.59311410	-0.59353326	-0.59311410	0.00041915	0.98562698
2857000000.000000	-0.59339712	-0.59334794	-0.59339712	-0.00004918	0.98609729
2857500000.000000	-0.59326261	-0.59300370	-0.59326261	-0.00025892	0.98587377
2858000000.000000	-0.59236308	-0.59320204	-0.59236308	0.00083896	0.98437894
2858500000.000000	-0.59222369	-0.59239695	-0.59222369	0.00017326	0.98414730
2859000000.000000	-0.59137593	-0.59224160	-0.59137593	0.00086566	0.98273852
2859500000.000000	-0.59127986	-0.59043406	-0.59127986	-0.00084580	0.98257886
2860000000.000000	-0.58960617	-0.58963027	-0.58960617	0.00002410	0.97979756
2860500000.000000	-0.58929775	-0.58793477	-0.58929775	-0.00136298	0.97928503
2861000000.000000	-0.58688216	-0.58756968	-0.58688216	0.00068752	0.97527085
2861500000.000000	-0.58593182	-0.58570352	-0.58593182	-0.00022830	0.97369158
2862000000.000000	-0.58413047	-0.58399466	-0.58413047	-0.00013581	0.97069813
2862500000.000000	-0.58219005	-0.58204219	-0.58219005	-0.00014786	0.96747358
2863000000.000000	-0.58039847	-0.58043006	-0.58039847	0.00003159	0.96449636
2863500000.000000	-0.57854403	-0.57840366	-0.57854403	-0.00014037	0.96141468
2864000000.000000	-0.57733966	-0.57634763	-0.57733966	-0.00099203	0.95941327
2864500000.000000	-0.57486740	-0.57466939	-0.57486740	-0.00019802	0.95530492
2865000000.000000	-0.57361938	-0.57326797	-0.57361938	-0.00035141	0.95323099
2865500000.000000	-0.57220625	-0.57214600	-0.57220625	-0.00006025	0.95088266
2866000000.000000	-0.57101197	-0.57126535	-0.57101197	0.00025338	0.94889803
2866500000.000000	-0.57086378	-0.57085955	-0.57086378	-0.00000423	0.94865177
2867000000.000000	-0.57130899	-0.57063190	-0.57130899	-0.00067709	0.94939161
2867500000.000000	-0.57039057	-0.57052442	-0.57039057	0.00013386	0.94786539
2868000000.000000	-0.57101229	-0.57138943	-0.57101229	0.00037714	0.94889857
2868500000.000000	-0.57192649	-0.57182520	-0.57192649	-0.00010129	0.95041775
2869000000.000000	-0.57350181	-0.57271106	-0.57350181	-0.00079076	0.95303561
2869500000.000000	-0.57442317	-0.57436552	-0.57442317	-0.00005765	0.95456670
2870000000.000000	-0.57575782	-0.57402030	-0.57575782	-0.00173752	0.95678460
2870500000.000000	-0.57399457	-0.57351158	-0.57399457	-0.00048299	0.95385446
2871000000.000000	-0.57264299	-0.57285533	-0.57264299	0.00021235	0.95160843
2871500000.000000	-0.57146336	-0.57158680	-0.57146336	0.00012343	0.94964815
2872000000.000000	-0.57127089	-0.57034530	-0.57127089	-0.00092559	0.94932829
2872500000.000000	-0.57006716	-0.57001994	-0.57006716	-0.00004722	0.94732796
2873000000.000000	-0.56982616	-0.56890350	-0.56982616	-0.00092266	0.94692747
2873500000.000000	-0.56944348	-0.56977307	-0.56944348	0.00032959	0.94629154
2874000000.000000	-0.56967439	-0.56996099	-0.56967439	0.00028660	0.94667526
2874500000.000000	-0.57085434	-0.57069345	-0.57085434	-0.00016089	0.94863608
2875000000.000000	-0.57123669	-0.57118947	-0.57123669	-0.00004722	0.94927146
2875500000.000000	-0.57222937	-0.57216944	-0.57222937	-0.00005993	0.95092108
2876000000.000000	-0.57370178	-0.57339173	-0.57370178	-0.00031005	0.95336791
2876500000.000000	-0.57497325	-0.57502568	-0.57497325	0.00005243	0.95548081
2877000000.000000	-0.57595779	-0.57564122	-0.57595779	-0.00031656	0.95711690
2877500000.000000	-0.57701691	-0.57742368	-0.57701691	0.00040678	0.95887693
2878000000.000000	-0.57859419	-0.57900064	-0.57859419	0.00040645	0.96149803
2878500000.000000	-0.58093813	-0.57976013	-0.58093813	-0.00117799	0.96539315
2879000000.000000	-0.58135565	-0.58152436	-0.58135565	0.00016870	0.96608698
2879500000.000000	-0.58283816	-0.58297462	-0.58283816	0.00013646	0.96855059
2880000000.000000	-0.58327653	-0.58343416	-0.58327653	0.00015763	0.96927907
2880500000.000000	-0.58415196	-0.58425293	-0.58415196	0.00010096	0.97073385
2881000000.000000	-0.58509547	-0.58529088	-0.58509547	0.00019541	0.97230175
2881500000.000000	-0.58634251	-0.58602008	-0.58634251	-0.00032243	0.97437405
2882000000.000000	-0.58748630	-0.58750291	-0.58748630	0.00001661	0.97627480
2882500000.000000	-0.58854738	-0.58854184	-0.58854738	-0.00000554	0.97803807
2883000000.000000	-0.59002793	-0.58988528	-0.59002793	-0.00014265	0.98049843
2883500000.000000	-0.59103397	-0.59137268	-0.59103397	0.00033871	0.98217024
2884000000.000000	-0.59195174	-0.59217451	-0.59195174	0.00022277	0.98369538
2884500000.000000	-0.59278647	-0.59295256	-0.59278647	0.00016610	0.98508252
2885000000.000000	-0.59305418	-0.59310270	-0.59305418	0.00004853	0.98552739
2885500000.000000	-0.59359188	-0.59358439	-0.59359188	-0.00000749	0.98642094
2886000000.000000	-0.59416117	-0.59415661	-0.59416117	-0.00000456	0.98736698
2886500000.000000	-0.59443019	-0.59457805	-0.59443019	0.00014786	0.98781402
2887000000.000000	-0.59474284	-0.59510695	-0.59474284	0.00036411	0.98833359
2887500000.000000	-0.59623219	-0.59676826	-0.59623219	0.00053607	0.99080856
2888000000.000000	-0.59819443	-0.59772544	-0.59819443	-0.00046898	0.99406938
2888500000.000000	-0.59893405	-0.59893666	-0.59893405	0.00000261	0.99529847
2889000000.000000	-0.59931673	-0.59948869	-0.59931673	0.00017196	0.99593440
2889500000.000000	-0.59937698	-0.59956262	-0.59937698	0.00018564	0.99603452
2890000000.000000	-0.59960073	-0.59977985	-0.59960073	0.00017913	0.99640634
2890500000.000000	-0.60011009	-0.60018109	-0.60011009	0.00007100	0.99725280
2891000000.000000	-0.60001239	-0.59996256	-0.60001239	-0.00004983	0.99709043
2891500000.000000	-0.59983554	-0.59980460	-0.59983554	-0.00003094	0.99679655
2892000000.000000	-0.60093537	-0.60081487	-0.60093537	-0.00012050	0.99862423
2892500000.000000	-0.60105294	-0.60121741	-0.60105294	0.00016447	0.99881961
2893000000.000000	-0.60171213	-0.60142748	-0.60171213	-0.00028465	0.99991503
2893500000.000000	-0.60131056	-0.60138384	-0.60131056	0.00007328	0.99924771
2894000000.000000	-0.60154798	-0.60120732	-0.60154798	-0.00034066	0.99964226
2894500000.000000	-0.60152812	-0.60140859	-0.60152812	-0.00011953	0.99960924
2895000000.000000	-0.60120146	-0.60073573	-0.60120146	-0.00046573	0.99906641
2895500000.000000	-0.60147340	-0.60134671	-0.60147340	-0.00012669	0.99951832
2896000000.000000	-0.60087773	-0.60144083	-0.60087773	0.00056311	0.99852844
2896500000.000000	-0.60086112	-0.60105620	-0.60086112	0.00019508	0.99850084
2897000000.000000	-0.60176326	-0.60153430	-0.60176326	-0.00022895	1.00000000
2897500000.000000	-0.60062695	-0.60069046	-0.60062695	0.00006351	0.99811170
2898000000.000000	-0.60044913	-0.60049375	-0.60044913	0.00004462	0.99781620
2898500000.000000	-0.60156068	-0.60106206	-0.60156068	-0.00049862	0.99966336
2899000000.000000	-0.60053999	-0.59997331	-0.60053999	-0.00056669	0.99796720
2899500000.000000	-0.59969843	-0.60008599	-0.59969843	0.00038756	0.99656870
2900000000.000000	-0.60036901	-0.60022180	-0.60036901	-0.00014721	0.99768306
