# 扫描参数	信号	背景	对比度	差分信号
2840000000.000000	-2.08024145	-2.08029389	-2.08024145	0.00005243
2840500000.000000	-2.08054010	-2.08078958	-2.08054010	0.00024947
2841000000.000000	-2.08066517	-2.08066842	-2.08066517	0.00000326
2841500000.000000	-2.08066256	-2.07994997	-2.08066256	-0.00071259
2842000000.000000	-2.08059417	-2.08081824	-2.08059417	0.00022407
2842500000.000000	-2.08016622	-2.08027011	-2.08016622	0.00010389
2843000000.000000	-2.08052480	-2.08027500	-2.08052480	-0.00024980
2843500000.000000	-2.07980960	-2.08049516	-2.07980960	0.00068556
2844000000.000000	-2.08011965	-2.08031831	-2.08011965	0.00019867
2844500000.000000	-2.08032939	-2.08056779	-2.08032939	0.00023840
2845000000.000000	-2.07991740	-2.08005972	-2.07991740	0.00014232
2845500000.000000	-2.08005060	-2.08003139	-2.08005060	-0.00001922
2846000000.000000	-2.08000403	-2.07994736	-2.08000403	-0.00005667
2846500000.000000	-2.07967281	-2.07969724	-2.07967281	0.00002443
2847000000.000000	-2.07984510	-2.07980992	-2.07984510	-0.00003517
2847500000.000000	-2.07992847	-2.07974837	-2.07992847	-0.00018010
2848000000.000000	-2.07963406	-2.07959562	-2.07963406	-0.00003843
2848500000.000000	-2.08078534	-2.08080749	-2.08078534	0.00002215
2849000000.000000	-2.07987864	-2.07983858	-2.07987864	-0.00004006
2849500000.000000	-2.07950508	-2.07953505	-2.07950508	0.00002996
2850000000.000000	-2.07924389	-2.07921979	-2.07924389	-0.00002410
2850500000.000000	-2.07949075	-2.07952691	-2.07949075	0.00003615
2851000000.000000	-2.07937970	-2.07903578	-2.07937970	-0.00034392
2851500000.000000	-2.07871433	-2.07871270	-2.07871433	-0.00000163
2852000000.000000	-2.07845280	-2.07861304	-2.07845280	0.00016024
2852500000.000000	-2.07837497	-2.07828052	-2.07837497	-0.00009445
2853000000.000000	-2.07771448	-2.07768191	-2.07771448	-0.00003257
2853500000.000000	-2.07763176	-2.07768061	-2.07763176	0.00004885
2854000000.000000	-2.07821766	-2.07822580	-2.07821766	0.00000814
2854500000.000000	-2.07720935	-2.07733474	-2.07720935	0.00012539
2855000000.000000	-2.07746989	-2.07742886	-2.07746989	-0.00004104
2855500000.000000	-2.07644855	-2.07638635	-2.07644855	-0.00006221
2856000000.000000	-2.07579458	-2.07585842	-2.07579458	0.00006383
2856500000.000000	-2.07507645	-2.07517578	-2.07507645	0.00009933
2857000000.000000	-2.07429318	-2.07422446	-2.07429318	-0.00006872
2857500000.000000	-2.07268985	-2.07271037	-2.07268985	0.00002052
2858000000.000000	-2.07185838	-2.07182516	-2.07185838	-0.00003322
2858500000.000000	-2.07066964	-2.07068136	-2.07066964	0.00001172
2859000000.000000	-2.06907216	-2.06898814	-2.06907216	-0.00008403
2859500000.000000	-2.06726918	-2.06731804	-2.06726918	0.00004885
2860000000.000000	-2.06530401	-2.06525093	-2.06530401	-0.00005309
2860500000.000000	-2.06252496	-2.06253506	-2.06252496	0.00001010
2861000000.000000	-2.06016897	-2.05981170	-2.06016897	-0.00035727
2861500000.000000	-2.05626436	-2.05624222	-2.05626436	-0.00002215
2862000000.000000	-2.05275871	-2.05261085	-2.05275871	-0.00014786
2862500000.000000	-2.04823694	-2.04830793	-2.04823694	0.00007100
2863000000.000000	-2.04285698	-2.04279575	-2.04285698	-0.00006123
2863500000.000000	-2.03638827	-2.03653939	-2.03638827	0.00015112
2864000000.000000	-2.02957597	-2.02957597	-2.02957597	0.00000000
2864500000.000000	-2.02466337	-2.02444027	-2.02466337	-0.00022309
2865000000.000000	-2.02080142	-2.02099618	-2.02080142	0.00019476
2865500000.000000	-2.01416563	-2.01397739	-2.01416563	-0.00018824
2866000000.000000	-2.01376211	-2.01375821	-2.01376211	-0.00000391
2866500000.000000	-2.01426399	-2.01416824	-2.01426399	-0.00009575
2867000000.000000	-2.01655810	-2.01676035	-2.01655810	0.00020225
2867500000.000000	-2.02152639	-2.02177652	-2.02152639	0.00025012
2868000000.000000	-2.03182220	-2.03189352	-2.03182220	0.00007132
2868500000.000000	-2.04483811	-2.04487947	-2.04483811	0.00004136
2869000000.000000	-2.05074469	-2.05090558	-2.05074469	0.00016089
2869500000.000000	-2.04405191	-2.04407406	-2.04405191	0.00002215
2870000000.000000	-2.03177237	-2.03163851	-2.03177237	-0.00013386
2870500000.000000	-2.02205758	-2.02195434	-2.02205758	-0.00010324
2871000000.000000	-2.01742637	-2.01768171	-2.01742637	0.00025534
2871500000.000000	-2.01654735	-2.01645779	-2.01654735	-0.00008956
2872000000.000000	-2.01785399	-2.01792695	-2.01785399	0.00007295
2872500000.000000	-2.02025590	-2.02015429	-2.02025590	-0.00010161
2873000000.000000	-2.02405206	-2.02393384	-2.02405206	-0.00011822
2873500000.000000	-2.02826900	-2.02816413	-2.02826900	-0.00010487
2874000000.000000	-2.03366752	-2.03326953	-2.03366752	-0.00039798
2874500000.000000	-2.04025673	-2.04032284	-2.04025673	0.00006611
2875000000.000000	-2.04629945	-2.04631541	-2.04629945	0.00001596
2875500000.000000	-2.05126318	-2.05136382	-2.05126318	0.00010064
2876000000.000000	-2.05571754	-2.05576542	-2.05571754	0.00004788
2876500000.000000	-2.05949188	-2.05945508	-2.05949188	-0.00003680
2877000000.000000	-2.06219277	-2.06206412	-2.06219277	-0.00012864
2877500000.000000	-2.06480279	-2.06487118	-2.06480279	0.00006839
2878000000.000000	-2.06713891	-2.06702101	-2.06713891	-0.00011790
2878500000.000000	-2.06790524	-2.06798829	-2.06790524	0.00008305
2879000000.000000	-2.07004661	-2.07009285	-2.07004661	0.00004625
2879500000.000000	-2.07161998	-2.07166069	-2.07161998	0.00004071
2880000000.000000	-2.07321648	-2.07328064	-2.07321648	0.00006416
2880500000.000000	-2.07393363	-2.07426615	-2.07393363	0.00033252
2881000000.000000	-2.07490156	-2.07495758	-2.07490156	0.00005602
2881500000.000000	-2.07602875	-2.07603982	-2.07602875	0.00001107
2882000000.000000	-2.07510055	-2.07501718	-2.07510055	-0.00008337
2882500000.000000	-2.07568515	-2.07576788	-2.07568515	0.00008272
2883000000.000000	-2.07617042	-2.07622253	-2.07617042	0.00005211
2883500000.000000	-2.07727123	-2.07723345	-2.07727123	-0.00003778
2884000000.000000	-2.07774086	-2.07792324	-2.07774086	0.00018238
2884500000.000000	-2.07874494	-2.07870521	-2.07874494	-0.00003973
2885000000.000000	-2.07909961	-2.07909212	-2.07909961	-0.00000749
2885500000.000000	-2.07856679	-2.07840167	-2.07856679	-0.00016512
2886000000.000000	-2.07912762	-2.07908593	-2.07912762	-0.00004169
2886500000.000000	-2.07904066	-2.07897552	-2.07904066	-0.00006514
2887000000.000000	-2.07921881	-2.07918787	-2.07921881	-0.00003094
2887500000.000000	-2.07961940	-2.07968160	-2.07961940	0.00006221
2888000000.000000	-2.07936146	-2.07937546	-2.07936146	0.00001400
2888500000.000000	-2.07903089	-2.07910059	-2.07903089	0.00006970
2889000000.000000	-2.07877718	-2.07878728	-2.07877718	0.00001010
2889500000.000000	-2.07911492	-2.07930218	-2.07911492	0.00018727
2890000000.000000	-2.07935495	-2.07955296	-2.07935495	0.00019802
2890500000.000000	-2.07920350	-2.07916800	-2.07920350	-0.00003550
2891000000.000000	-2.07892993	-2.07893970	-2.07892993	0.00000977
2891500000.000000	-2.07895761	-2.07887456	-2.07895761	-0.00008305
2892000000.000000	-2.07918917	-2.07936406	-2.07918917	0.00017489
2892500000.000000	-2.07996365	-2.08004279	-2.07996365	0.00007914
2893000000.000000	-2.07957739	-2.07946275	-2.07957739	-0.00011464
2893500000.000000	-2.07966630	-2.07958683	-2.07966630	-0.00007947
2894000000.000000	-2.07953505	-2.07938035	-2.07953505	-0.00015470
2894500000.000000	-2.08012844	-2.08020791	-2.08012844	0.00007947
2895000000.000000	-2.08020009	-2.08022387	-2.08020009	0.00002377
2895500000.000000	-2.08012193	-2.08013593	-2.08012193	0.00001400
2896000000.000000	-2.08031245	-2.08037922	-2.08031245	0.00006676
2896500000.000000	-2.07957478	-2.07958813	-2.07957478	0.00001335
2897000000.000000	-2.08043068	-2.08021312	-2.08043068	-0.00021756
2897500000.000000	-2.07997667	-2.08013593	-2.07997667	0.00015926
2898000000.000000	-2.07990698	-2.08039062	-2.07990698	0.00048364
2898500000.000000	-2.07989753	-2.08001869	-2.07989753	0.00012115
2899000000.000000	-2.08006852	-2.07975847	-2.08006852	-0.00031005
2899500000.000000	-2.08005516	-2.08004995	-2.08005516	-0.00000521
2900000000.000000	-2.07995909	-2.07984021	-2.07995909	-0.00011887
