# 扫描参数	信号	背景	对比度	差分信号	归一化对比度
2840000000.000000	-0.65824284	-0.65556247	-0.65824284	-0.00268037	0.18915087
2840500000.000000	-0.65644181	-0.65699547	-0.65644181	0.00055366	0.23041337
2841000000.000000	-0.65347158	-0.65047530	-0.65347158	-0.00299628	0.29846292
2841500000.000000	-0.65255967	-0.65279091	-0.65255967	0.00023123	0.31935532
2842000000.000000	-0.65456588	-0.65431510	-0.65456588	-0.00025078	0.27339203
2842500000.000000	-0.65495344	-0.65527587	-0.65495344	0.00032243	0.26451276
2843000000.000000	-0.65299934	-0.65244568	-0.65299934	-0.00055366	0.30928220
2843500000.000000	-0.65359534	-0.65474826	-0.65359534	0.00115292	0.29562752
2844000000.000000	-0.65460822	-0.65436070	-0.65460822	-0.00024752	0.27242203
2844500000.000000	-0.65562760	-0.65564063	-0.65562760	0.00001303	0.24906730
2845000000.000000	-0.65119180	-0.65451051	-0.65119180	0.00331871	0.35069393
2845500000.000000	-0.65235449	-0.65223073	-0.65235449	-0.00012376	0.32405611
2846000000.000000	-0.65408061	-0.65407735	-0.65408061	-0.00000326	0.28450977
2846500000.000000	-0.65406433	-0.65454308	-0.65406433	0.00047875	0.28488285
2847000000.000000	-0.65407410	-0.65414900	-0.65407410	0.00007491	0.28465901
2847500000.000000	-0.65605099	-0.65644832	-0.65605099	0.00039733	0.23936726
2848000000.000000	-0.65986799	-0.65991359	-0.65986799	0.00004560	0.15191762
2848500000.000000	-0.66564560	-0.66553813	-0.66564560	-0.00010748	0.01954932
2849000000.000000	-0.66238226	-0.66231061	-0.66238226	-0.00007165	0.09431428
2849500000.000000	-0.66266886	-0.66122283	-0.66266886	-0.00144603	0.08774810
2850000000.000000	-0.66125866	-0.66009923	-0.66125866	-0.00115943	0.12005671
2850500000.000000	-0.66076036	-0.66078316	-0.66076036	0.00002280	0.13147291
2851000000.000000	-0.66004712	-0.66032069	-0.66004712	0.00027357	0.14781376
2851500000.000000	-0.65787807	-0.65704432	-0.65787807	-0.00083375	0.19750783
2852000000.000000	-0.65276159	-0.65283650	-0.65276159	0.00007491	0.31472914
2852500000.000000	-0.64812062	-0.64826717	-0.64812062	0.00014656	0.42105656
2853000000.000000	-0.64574313	-0.64542396	-0.64574313	-0.00031917	0.47552604
2853500000.000000	-0.64460976	-0.64445668	-0.64460976	-0.00015307	0.50149231
2854000000.000000	-0.64518296	-0.64549561	-0.64518296	0.00031266	0.48835995
2854500000.000000	-0.64947220	-0.64940055	-0.64947220	-0.00007165	0.39009103
2855000000.000000	-0.65202881	-0.65221770	-0.65202881	0.00018890	0.33151768
2855500000.000000	-0.65167381	-0.65228935	-0.65167381	0.00061554	0.33965080
2856000000.000000	-0.64979788	-0.64966435	-0.64979788	-0.00013353	0.38262946
2856500000.000000	-0.64872639	-0.64884363	-0.64872639	0.00011725	0.40717803
2857000000.000000	-0.64970995	-0.64957316	-0.64970995	-0.00013679	0.38464408
2857500000.000000	-0.64876872	-0.64863519	-0.64876872	-0.00013353	0.40620803
2858000000.000000	-0.64511131	-0.64516342	-0.64511131	0.00005211	0.49000149
2858500000.000000	-0.64307579	-0.64295529	-0.64307579	-0.00012050	0.53663632
2859000000.000000	-0.64274034	-0.64535883	-0.64274034	0.00261849	0.54432174
2859500000.000000	-0.64397142	-0.64357083	-0.64397142	-0.00040059	0.51611700
2860000000.000000	-0.64398770	-0.64304974	-0.64398770	-0.00093797	0.51574392
2860500000.000000	-0.64270451	-0.64218993	-0.64270451	-0.00051458	0.54514252
2861000000.000000	-0.63942814	-0.64331679	-0.63942814	0.00388865	0.62020594
2861500000.000000	-0.64082532	-0.64154508	-0.64082532	0.00071976	0.58819579
2862000000.000000	-0.63996226	-0.63942814	-0.63996226	-0.00053412	0.60796896
2862500000.000000	-0.63898847	-0.63870513	-0.63898847	-0.00028334	0.63027906
2863000000.000000	-0.63825569	-0.64160696	-0.63825569	0.00335128	0.64706760
2863500000.000000	-0.63683245	-0.63681291	-0.63683245	-0.00001954	0.67967468
2864000000.000000	-0.63561765	-0.63560788	-0.63561765	-0.00000977	0.70750634
2864500000.000000	-0.63351374	-0.63351049	-0.63351374	-0.00000326	0.75570810
2865000000.000000	-0.63144892	-0.63122419	-0.63144892	-0.00022472	0.80301448
2865500000.000000	-0.62698055	-0.62926358	-0.62698055	0.00228304	0.90538726
2866000000.000000	-0.62583089	-0.62600676	-0.62583089	0.00017587	0.93172661
2866500000.000000	-0.62327754	-0.62362602	-0.62327754	0.00034848	0.99022534
2867000000.000000	-0.62285089	-0.62344363	-0.62285089	0.00059274	1.00000000
2867500000.000000	-0.62517627	-0.62532282	-0.62517627	0.00014656	0.94672437
2868000000.000000	-0.62802599	-0.62796411	-0.62802599	-0.00006188	0.88143561
2868500000.000000	-0.62807484	-0.62740394	-0.62807484	-0.00067091	0.88031637
2869000000.000000	-0.63051095	-0.63075847	-0.63051095	0.00024752	0.82450381
2869500000.000000	-0.63439960	-0.63155313	-0.63439960	-0.00284647	0.73541262
2870000000.000000	-0.63580004	-0.63538968	-0.63580004	-0.00041036	0.70332786
2870500000.000000	-0.63527243	-0.63497280	-0.63527243	-0.00029963	0.71541561
2871000000.000000	-0.63317178	-0.63323691	-0.63317178	0.00006514	0.76354275
2871500000.000000	-0.63349746	-0.63321086	-0.63349746	-0.00028660	0.75608118
2872000000.000000	-0.63209702	-0.63192767	-0.63209702	-0.00016936	0.78816595
2872500000.000000	-0.63130236	-0.63165735	-0.63130236	0.00035499	0.80637218
2873000000.000000	-0.63238037	-0.63246179	-0.63238037	0.00008142	0.78167438
2873500000.000000	-0.63148474	-0.63133818	-0.63148474	-0.00014656	0.80219370
2874000000.000000	-0.63193093	-0.63210354	-0.63193093	0.00017261	0.79197135
2874500000.000000	-0.63149125	-0.63108089	-0.63149125	-0.00041036	0.80204447
2875000000.000000	-0.63168666	-0.63209377	-0.63168666	0.00040710	0.79756753
2875500000.000000	-0.63301871	-0.63318806	-0.63301871	0.00016936	0.76704969
2876000000.000000	-0.63457547	-0.63396319	-0.63457547	-0.00061228	0.73138338
2876500000.000000	-0.63359516	-0.63338673	-0.63359516	-0.00020844	0.75384271
2877000000.000000	-0.63541899	-0.63558834	-0.63541899	0.00016936	0.71205790
2877500000.000000	-0.63712231	-0.63608989	-0.63712231	-0.00103241	0.67303388
2878000000.000000	-0.63794954	-0.63795606	-0.63794954	0.00000651	0.65408148
2878500000.000000	-0.63936952	-0.63935324	-0.63936952	-0.00001628	0.62154902
2879000000.000000	-0.64284781	-0.64264263	-0.64284781	-0.00020518	0.54185942
2879500000.000000	-0.64549887	-0.64505594	-0.64549887	-0.00044293	0.48112222
2880000000.000000	-0.64611441	-0.64618280	-0.64611441	0.00006839	0.46701985
2880500000.000000	-0.64908138	-0.64994770	-0.64908138	0.00086632	0.39904492
2881000000.000000	-0.65163473	-0.65117226	-0.65163473	-0.00046247	0.34054619
2881500000.000000	-0.65238055	-0.65227958	-0.65238055	-0.00010096	0.32345919
2882000000.000000	-0.65337714	-0.65309705	-0.65337714	-0.00028009	0.30062677
2882500000.000000	-0.65579696	-0.65641901	-0.65579696	0.00062205	0.24518729
2883000000.000000	-0.65444212	-0.65441932	-0.65444212	-0.00002280	0.27622743
2883500000.000000	-0.65448120	-0.65474175	-0.65448120	0.00026055	0.27533204
2884000000.000000	-0.65281370	-0.65279416	-0.65281370	-0.00001954	0.31353529
2884500000.000000	-0.65357254	-0.65294723	-0.65357254	-0.00062531	0.29614983
2885000000.000000	-0.65272251	-0.65310356	-0.65272251	0.00038105	0.31562453
2885500000.000000	-0.65482317	-0.65401873	-0.65482317	-0.00080444	0.26749739
2886000000.000000	-0.65358557	-0.65383309	-0.65358557	0.00024752	0.29585137
2886500000.000000	-0.65493390	-0.65611287	-0.65493390	0.00117897	0.26496045
2887000000.000000	-0.65942832	-0.65347810	-0.65942832	-0.00595022	0.16199075
2887500000.000000	-0.65426299	-0.65458542	-0.65426299	0.00032243	0.28033129
2888000000.000000	-0.65468312	-0.65490133	-0.65468312	0.00021821	0.27070586
2888500000.000000	-0.65543871	-0.65588164	-0.65543871	0.00044293	0.25339502
2889000000.000000	-0.65661768	-0.65649718	-0.65661768	-0.00012050	0.22638412
2889500000.000000	-0.65595654	-0.65573833	-0.65595654	-0.00021821	0.24153111
2890000000.000000	-0.65641576	-0.65583930	-0.65641576	-0.00057646	0.23101030
2890500000.000000	-0.65717134	-0.65745143	-0.65717134	0.00028009	0.21369945
2891000000.000000	-0.65806045	-0.65849687	-0.65806045	0.00043641	0.19332935
2891500000.000000	-0.65787807	-0.65830472	-0.65787807	0.00042664	0.19750783
2892000000.000000	-0.65942506	-0.65933713	-0.65942506	-0.00008793	0.16206536
2892500000.000000	-0.65688474	-0.66068546	-0.65688474	0.00380072	0.22026563
2893000000.000000	-0.66022299	-0.66035977	-0.66022299	0.00013679	0.14378451
2893500000.000000	-0.65974423	-0.65993639	-0.65974423	0.00019215	0.15475302
2894000000.000000	-0.66162342	-0.66176021	-0.66162342	0.00013679	0.11169975
2894500000.000000	-0.65844802	-0.66728705	-0.65844802	0.00883903	0.18445008
2895000000.000000	-0.66076362	-0.66118375	-0.66076362	0.00042013	0.13139830
2895500000.000000	-0.65997547	-0.66124889	-0.65997547	0.00127342	0.14945531
2896000000.000000	-0.66286427	-0.66251579	-0.66286427	-0.00034848	0.08327115
2896500000.000000	-0.66463273	-0.66504635	-0.66463273	0.00041362	0.04275481
2897000000.000000	-0.66553162	-0.66604945	-0.66553162	0.00051784	0.02216087
2897500000.000000	-0.66649889	-0.66674967	-0.66649889	0.00025078	0.00000000
2898000000.000000	-0.65390148	-0.65851641	-0.65390148	0.00461492	0.28861364
2898500000.000000	-0.63927833	-0.63898521	-0.63927833	-0.00029311	0.62363826
2899000000.000000	-0.63983199	-0.63674126	-0.63983199	-0.00309073	0.61095359
2899500000.000000	-0.64516667	-0.64488333	-0.64516667	-0.00028334	0.48873302
2900000000.000000	-0.65021150	-0.65122763	-0.65021150	0.00101613	0.37315326
