# 扫描参数	信号	背景	对比度	差分信号
2840000000.000000	-2.58801408	-2.58410588	0.00075563	-0.00390819
2840500000.000000	-2.58801408	-2.58410588	0.00075563	-0.00390819
2841000000.000000	-2.58605998	-2.58964249	-0.00069218	0.00358251
2841500000.000000	-2.58605998	-2.58866544	-0.00050350	0.00260546
2842000000.000000	-2.58703703	-2.58964249	-0.00050331	0.00260546
2842500000.000000	-2.58508293	-2.58573430	-0.00012597	0.00065137
2843000000.000000	-2.58638566	-2.58638566	0.00000000	0.00000000
2843500000.000000	-2.58443157	-2.58540861	-0.00018899	0.00097705
2844000000.000000	-2.58703703	-2.58671135	0.00006295	-0.00032568
2844500000.000000	-2.58866544	-2.58312884	0.00107054	-0.00553661
2845000000.000000	-2.58215179	-2.58378020	-0.00031522	0.00162841
2845500000.000000	-2.58215179	-2.58019769	0.00037853	-0.00195410
2846000000.000000	-2.58866544	-2.58703703	0.00031463	-0.00162841
2846500000.000000	-2.58247747	-2.58573430	-0.00063017	0.00325683
2847000000.000000	-2.58247747	-2.58150042	0.00018920	-0.00097705
2847500000.000000	-2.58280315	-2.58605998	-0.00063009	0.00325683
2848000000.000000	-2.58573430	-2.57889496	0.00132426	-0.00683934
2848500000.000000	-2.58117474	-2.58475725	-0.00069349	0.00358251
2849000000.000000	-2.58019769	-2.57922064	0.00018937	-0.00097705
2849500000.000000	-2.58182610	-2.58182610	0.00000000	0.00000000
2850000000.000000	-2.57824359	-2.57922064	-0.00018944	0.00097705
2850500000.000000	-2.58150042	-2.58117474	0.00006308	-0.00032568
2851000000.000000	-2.57759223	-2.57791791	-0.00006317	0.00032568
2851500000.000000	-2.57824359	-2.57954633	-0.00025258	0.00130273
2852000000.000000	-2.58019769	-2.57531245	0.00094758	-0.00488524
2852500000.000000	-2.57466108	-2.57466108	0.00000000	0.00000000
2853000000.000000	-2.57335835	-2.57335835	0.00000000	0.00000000
2853500000.000000	-2.57107857	-2.57140426	-0.00006333	0.00032568
2854000000.000000	-2.57466108	-2.57205562	0.00050624	-0.00260546
2854500000.000000	-2.57303267	-2.57075289	0.00044321	-0.00227978
2855000000.000000	-2.56489060	-2.56554197	-0.00012696	0.00065137
2855500000.000000	-2.56228514	-2.56098241	0.00025428	-0.00130273
2856000000.000000	-2.55544580	-2.56000536	-0.00089133	0.00455956
2856500000.000000	-2.55674853	-2.55805126	-0.00025470	0.00130273
2857000000.000000	-2.55446875	-2.55446875	0.00000000	0.00000000
2857500000.000000	-2.55088624	-2.54990920	0.00019155	-0.00097705
2858000000.000000	-2.54404691	-2.54665237	-0.00051181	0.00260546
2858500000.000000	-2.54144144	-2.53785893	0.00070532	-0.00358251
2859000000.000000	-2.53753325	-2.53069391	0.00134945	-0.00683934
2859500000.000000	-2.52711140	-2.52515731	0.00038678	-0.00195410
2860000000.000000	-2.51831797	-2.51734092	0.00019403	-0.00097705
2860500000.000000	-2.51440978	-2.51506114	-0.00012951	0.00065137
2861000000.000000	-2.50431361	-2.50626771	-0.00038999	0.00195410
2861500000.000000	-2.49291471	-2.49128630	0.00032672	-0.00162841
2862000000.000000	-2.48477265	-2.48379560	0.00019665	-0.00097705
2862500000.000000	-2.47272238	-2.47207102	0.00013173	-0.00065137
2863000000.000000	-2.45969507	-2.46490600	-0.00105814	0.00521092
2863500000.000000	-2.44927323	-2.45220437	-0.00059801	0.00293114
2864000000.000000	-2.43689728	-2.44015411	-0.00066779	0.00325683
2864500000.000000	-2.43070931	-2.42517270	0.00114019	-0.00553661
2865000000.000000	-2.42061314	-2.42354429	-0.00060509	0.00293114
2865500000.000000	-2.42126451	-2.42289292	-0.00033616	0.00162841
2866000000.000000	-2.41670495	-2.41605359	0.00013478	-0.00065137
2866500000.000000	-2.41898473	-2.41214539	0.00141568	-0.00683934
2867000000.000000	-2.41865905	-2.42061314	-0.00040380	0.00195410
2867500000.000000	-2.42875521	-2.43038363	-0.00033512	0.00162841
2868000000.000000	-2.44243389	-2.44047979	0.00040019	-0.00195410
2868500000.000000	-2.45643825	-2.45676393	-0.00006629	0.00032568
2869000000.000000	-2.46620873	-2.46523168	0.00019813	-0.00097705
2869500000.000000	-2.45936939	-2.45871803	0.00013244	-0.00065137
2870000000.000000	-2.44634208	-2.44243389	0.00079942	-0.00390819
2870500000.000000	-2.42940658	-2.43005794	-0.00013404	0.00065137
2871000000.000000	-2.42126451	-2.42159019	-0.00006725	0.00032568
2871500000.000000	-2.41670495	-2.41507654	0.00033702	-0.00162841
2872000000.000000	-2.42126451	-2.41344812	0.00161672	-0.00781639
2872500000.000000	-2.41572790	-2.41344812	0.00047208	-0.00227978
2873000000.000000	-2.42321861	-2.42191588	0.00026887	-0.00130273
2873500000.000000	-2.42777816	-2.42810385	-0.00006707	0.00032568
2874000000.000000	-2.43722296	-2.43526887	0.00040105	-0.00195410
2874500000.000000	-2.44634208	-2.44210821	0.00086610	-0.00423388
2875000000.000000	-2.45611256	-2.45774098	-0.00033139	0.00162841
2875500000.000000	-2.46946556	-2.46816283	0.00026384	-0.00130273
2876000000.000000	-2.47760763	-2.47891036	-0.00026283	0.00130273
2876500000.000000	-2.48802947	-2.48737811	0.00013092	-0.00065137
2877000000.000000	-2.50366225	-2.50203383	0.00032531	-0.00162841
2877500000.000000	-2.50659339	-2.50659339	0.00000000	0.00000000
2878000000.000000	-2.51734092	-2.51571251	0.00032354	-0.00162841
2878500000.000000	-2.52255184	-2.52483162	-0.00045168	0.00227978
2879000000.000000	-2.53004255	-2.53069391	-0.00012871	0.00065137
2879500000.000000	-2.53785893	-2.53655620	0.00025673	-0.00130273
2880000000.000000	-2.54013871	-2.54241849	-0.00044855	0.00227978
2880500000.000000	-2.54795510	-2.54534964	0.00051155	-0.00260546
2881000000.000000	-2.55186329	-2.55349171	-0.00031896	0.00162841
2881500000.000000	-2.55381739	-2.55707422	-0.00063723	0.00325683
2882000000.000000	-2.56033104	-2.55902831	0.00025447	-0.00130273
2882500000.000000	-2.56130809	-2.56358787	-0.00044484	0.00227978
2883000000.000000	-2.56423924	-2.56717038	-0.00057122	0.00293114
2883500000.000000	-2.56684470	-2.56684470	0.00000000	0.00000000
2884000000.000000	-2.56814743	-2.56684470	0.00025370	-0.00130273
2884500000.000000	-2.57042721	-2.57075289	-0.00006335	0.00032568
2885000000.000000	-2.56749606	-2.57140426	-0.00076051	0.00390819
2885500000.000000	-2.56912448	-2.56945016	-0.00006338	0.00032568
2886000000.000000	-2.57172994	-2.57335835	-0.00031650	0.00162841
2886500000.000000	-2.57205562	-2.57498677	-0.00056948	0.00293114
2887000000.000000	-2.57335835	-2.57694086	-0.00069559	0.00358251
2887500000.000000	-2.57400972	-2.57726655	-0.00063224	0.00325683
2888000000.000000	-2.57694086	-2.57759223	-0.00012637	0.00065137
2888500000.000000	-2.58280315	-2.57726655	0.00107297	-0.00553661
2889000000.000000	-2.57987201	-2.58345452	-0.00069384	0.00358251
2889500000.000000	-2.57922064	-2.57661518	0.00050534	-0.00260546
2890000000.000000	-2.57987201	-2.57954633	0.00006312	-0.00032568
2890500000.000000	-2.57791791	-2.58019769	-0.00044198	0.00227978
2891000000.000000	-2.58312884	-2.58247747	0.00012610	-0.00065137
2891500000.000000	-2.58084906	-2.57954633	0.00025245	-0.00130273
2892000000.000000	-2.58052337	-2.57661518	0.00075782	-0.00390819
2892500000.000000	-2.57856928	-2.58182610	-0.00063112	0.00325683
2893000000.000000	-2.57987201	-2.57987201	0.00000000	0.00000000
2893500000.000000	-2.58215179	-2.58312884	-0.00018916	0.00097705
2894000000.000000	-2.58280315	-2.58150042	0.00025226	-0.00130273
2894500000.000000	-2.58052337	-2.58768839	-0.00138636	0.00716502
2895000000.000000	-2.58084906	-2.58247747	-0.00031538	0.00162841
2895500000.000000	-2.58312884	-2.58605998	-0.00056704	0.00293114
2896000000.000000	-2.58378020	-2.57954633	0.00081999	-0.00423388
2896500000.000000	-2.58150042	-2.57889496	0.00050490	-0.00260546
2897000000.000000	-2.58540861	-2.58280315	0.00050413	-0.00260546
2897500000.000000	-2.58280315	-2.58345452	-0.00012608	0.00065137
2898000000.000000	-2.58443157	-2.58475725	-0.00006300	0.00032568
2898500000.000000	-2.58247747	-2.58378020	-0.00025216	0.00130273
2899000000.000000	-2.58345452	-2.58475725	-0.00025207	0.00130273
2899500000.000000	-2.58443157	-2.58345452	0.00018906	-0.00097705
2900000000.000000	-2.58508293	-2.58280315	0.00044114	-0.00227978
