Frequency (Hz)	Signal Counts	Reference Counts	Contrast
2700000000.0	1001.0954850159073	799.3584419098665	1.2523736943642463
2703000000.0	1001.1417363778282	800.1759071600253	1.2511520622147554
2706000000.0	999.1117306309301	800.5076100381343	1.2480977296185038
2709000000.0	998.6547997444912	799.5644589731493	1.2489984872852231
2712000000.0	998.4286398658928	799.054615324852	1.2495123871601521
2715000000.0	1001.1226065091274	799.5787655529786	1.2520625229670321
2718000000.0	999.042475988743	800.3252908958195	1.2482955210255764
2721000000.0	1000.0474940358245	800.5598505991518	1.2491851712115876
2724000000.0	1003.3884656346033	798.911227319346	1.2559448801356279
2727000000.0	1001.2476564328604	800.8538615271714	1.250225171573191
2730000000.0	998.6448699221165	801.2798766975848	1.246312180006263
2733000000.0	999.2429747205791	800.776261383279	1.247842903078151
2736000000.0	999.6276101817708	799.3550435999201	1.250542694620299
2739000000.0	1002.9804518944379	800.3250558152671	1.2532163582867362
2742000000.0	1000.2618887937521	799.7122389099317	1.2507772672795214
2745000000.0	999.2538638187237	799.804901120349	1.249372018624781
2748000000.0	999.5047136089446	798.9457843226995	1.2510294605988408
2751000000.0	999.3877343347702	799.774417896213	1.2495870235054969
2754000000.0	997.6678542272851	800.1008084669304	1.24692769169789
2757000000.0	997.9100315127374	800.1479497901721	1.2471568936400146
2760000000.0	998.1575408204002	800.4764124223473	1.2469543453502192
2763000000.0	999.3088278202247	800.9499326602947	1.2476545500179965
2766000000.0	1001.6458422888879	800.1936952619797	1.2517542292818913
2769000000.0	999.4503859857507	798.9938076488809	1.2508862727318668
2772000000.0	1000.8734043410088	799.5761832706562	1.2517548987601768
2775000000.0	996.9743959328406	797.7141925317309	1.2497889661066595
2778000000.0	999.221428723914	800.4803935539468	1.2482772055010656
2781000000.0	999.3599549996696	797.9549426813757	1.2524014847774623
2784000000.0	1002.2547601595151	798.8634897491626	1.2546007835133584
2787000000.0	998.9450164561989	799.6050122613768	1.249298092355706
2790000000.0	999.7941525235856	799.0377411742194	1.2512477208577735
2793000000.0	1001.8905190756586	800.7476490830098	1.2511938314436404
2796000000.0	994.9079883487071	799.7461902083943	1.244029669074708
2799000000.0	997.5319770548272	798.8815186891435	1.2486607259254692
2802000000.0	998.7878984440564	800.9135897506283	1.2470607456605127
2805000000.0	1000.0655087075997	800.6469633220471	1.2490717563682807
2808000000.0	999.8052767523349	797.6970524552097	1.2533646372078997
2811000000.0	999.3114266980176	801.5810580332072	1.2466754505775997
2814000000.0	997.8124809323529	800.9539730390283	1.2457800504395928
2817000000.0	999.0796813056402	799.1768997494918	1.2501358355312941
2820000000.0	1000.2912245442967	800.7111595645699	1.249253507454872
2823000000.0	998.8607538276559	799.1038592256133	1.2499761355121233
2826000000.0	998.7079279777	799.5318187932852	1.249115925723915
2829000000.0	1000.1592509033243	801.1810847108769	1.24835604582983
2832000000.0	998.763020142977	799.584548635982	1.2491024518254827
2835000000.0	1001.7485188812208	799.8863111065663	1.2523636233946764
2838000000.0	1000.7567729790177	799.8155006530832	1.251234531166072
2841000000.0	997.3266784374739	799.1233927625374	1.2480258836995821
2844000000.0	1001.8012776809265	800.5476370638404	1.2513949592746558
2847000000.0	999.6443429362952	800.0589171596416	1.249463410126368
2850000000.0	1002.899517745377	800.4800432873348	1.2528726058263306
2853000000.0	1001.8685953006991	801.149796182998	1.2505384137573357
2856000000.0	1000.4178035468628	799.0926181919596	1.251942241451842
2859000000.0	1001.3513821397794	801.3088607284677	1.2496447140612592
2862000000.0	998.4558086349455	799.171406081381	1.2493637798313209
2865000000.0	998.4352704686402	798.6594868540424	1.2501388725770028
2868000000.0	997.8340260706817	801.3471543233967	1.2451956941348163
2871000000.0	999.8705693828338	800.6658546826052	1.2487988135564942
2874000000.0	999.5219717076579	798.7213971055908	1.2514025232449375
2877000000.0	996.1725754459039	800.222969365582	1.2448687598103703
2880000000.0	999.2259663452513	799.1005143198884	1.2504383972217676
2883000000.0	997.7961054332413	800.2033120680477	1.24692823734325
2886000000.0	1000.9242771733552	799.375143438978	1.252133351141363
2889000000.0	997.9007172032027	798.5085767538671	1.2497056966625373
2892000000.0	998.3505887373052	801.590888877593	1.2454614973670919
2895000000.0	1001.8018252317903	799.7541072742757	1.2526372995396475
2898000000.0	997.0663843760426	799.0359846697224	1.2478366475424445
2901000000.0	1000.0490764833065	798.9625833700635	1.2516844934903588
2904000000.0	999.5077954063863	800.4038087399346	1.248754421821029
2907000000.0	999.1440543911718	801.6141637750904	1.2464151702183528
2910000000.0	996.888480022577	801.6759727404944	1.2435054983807947
2913000000.0	1002.8829668372771	799.0527290876771	1.2550898461761395
2916000000.0	1001.7513840807453	800.4382766649048	1.2515035990715349
2919000000.0	998.9820566442475	800.1893593363168	1.248432067970525
2922000000.0	998.8998030256222	801.5531327443322	1.246205350861297
2925000000.0	998.8392334746094	799.8357328901245	1.248805463923706
2928000000.0	1001.4200241020587	799.0833503362595	1.2532109744004234
2931000000.0	999.4924945202542	798.6192549183685	1.2515256655343454
2934000000.0	998.7781468302056	800.1132192515771	1.2482960196113981
2937000000.0	1002.5349006301549	801.5658901506445	1.2507205121237641
2940000000.0	1000.8307129248733	799.7840860896926	1.2513761280474318
2943000000.0	1000.688698996618	800.138827734938	1.2506438436807321
2946000000.0	999.6277583809136	800.5312901482519	1.2487054168685783
2949000000.0	998.5095075795268	800.312945305658	1.2476488271699429
2952000000.0	1001.6999353442282	799.6853521723405	1.2526175859331627
2955000000.0	1000.4425789788952	800.0607195307791	1.2504583146709618
2958000000.0	999.8440926352956	800.3041105527813	1.2493301976728437
2961000000.0	999.3266924885525	798.9580372870751	1.2507874579769482
2964000000.0	999.7079600147467	799.725294992026	1.250064198638002
2967000000.0	998.4334365566508	799.826544545498	1.2483124539508892
2970000000.0	1000.402974558022	799.005595931086	1.2520600351894238
2973000000.0	997.675995041116	799.965143363724	1.2471493330897518
2976000000.0	1003.4044678410241	801.7294164368177	1.251550020829378
2979000000.0	996.5430577787442	799.0037040319085	1.2472320875986165
2982000000.0	997.4084623549359	798.7775472930618	1.2486686258708757
2985000000.0	1000.2494855110922	799.6501567853534	1.2508588624957713
2988000000.0	999.376236924473	799.6468860584798	1.2497719360235044
2991000000.0	1001.2299816222423	799.9622884960461	1.2515964765096437
2994000000.0	1001.0709405228013	800.6240619029238	1.2503632955315571
2997000000.0	999.6148148523123	799.8959520818813	1.2496810519551007
3000000000.0	999.9542233003381	800.7418422087507	1.2487847775533796
