Frequency (Hz)	Signal Counts	Reference Counts	Contrast
2700000000.0	1001.0526800299294	799.2606666016031	1.2524733442549236
2703000000.0	1000.1809952621483	799.840499798418	1.2504755579571447
2706000000.0	999.9196999199855	799.1875843018523	1.2511702128024011
2709000000.0	998.6067536955783	799.67542910223	1.2487650831246397
2712000000.0	999.5459655077326	799.4496310544465	1.2502926096661848
2715000000.0	997.0549005898246	799.0608951358029	1.2477833750334786
2718000000.0	1000.3609167939161	801.0753364491148	1.248772582648923
2721000000.0	996.7100051472429	800.6658567760811	1.2448513905170664
2724000000.0	1001.1779370049398	800.065150203804	1.2513705124512742
2727000000.0	1000.6837874088299	799.2899038980436	1.251966004485496
2730000000.0	998.8527813322441	800.1317273820209	1.2483604226024452
2733000000.0	1000.2468162837795	799.15680530388	1.2516277276815966
2736000000.0	1001.2041496029137	799.5290950096075	1.2522422959365636
2739000000.0	1000.8492403261938	800.5004373181562	1.250279442293933
2742000000.0	999.9431549877058	799.0706360655771	1.2513826811496598
2745000000.0	999.877269069538	799.6476665037679	1.2503972823946539
2748000000.0	998.7614670303082	799.537670417317	1.2491737462588932
2751000000.0	1000.6019925065634	801.0876502203469	1.249054322871334
2754000000.0	999.561227357372	800.244324472002	1.2490700612177144
2757000000.0	1001.8273757666868	798.2012150758559	1.2551063025774518
2760000000.0	1001.5572324661235	799.628211417363	1.2525286353902345
2763000000.0	1000.37578264117	799.2626026060498	1.251623408100638
2766000000.0	999.0539209228591	799.5026719901898	1.2495942239141358
2769000000.0	1001.6371149847743	800.0946125162789	1.251898337166212
2772000000.0	999.3639758707155	798.0534186120319	1.2522519828419523
2775000000.0	999.1434289890723	800.189149278256	1.248634063446457
2778000000.0	998.621158703749	800.6627689905479	1.247243155770539
2781000000.0	1001.3306077909605	800.1227277290978	1.2514712719546528
2784000000.0	998.5128198288071	801.1228668842188	1.2463916099565235
2787000000.0	1000.6831690181186	801.1209462552783	1.2491037385748862
2790000000.0	998.6471037054555	799.0675950241598	1.2497654890826368
2793000000.0	998.9933703765071	797.865044603105	1.2520831400421264
2796000000.0	999.1993714849158	801.3082002001743	1.2469601225038087
2799000000.0	1001.0329317550694	800.3374052932348	1.2507636468500456
2802000000.0	998.8713087537728	800.6791207948155	1.2475301063954516
2805000000.0	1002.2698885020593	800.1720562167407	1.2525679704948067
2808000000.0	999.4488710797801	800.4168031409268	1.2486605318102129
2811000000.0	1002.8678642274916	800.1092057527948	1.253413730296889
2814000000.0	1000.4072925863622	798.519555916437	1.252827542136053
2817000000.0	1000.1481279330419	798.8759204505438	1.251944266099529
2820000000.0	1000.2680205140961	801.0942966375076	1.2486270651440101
2823000000.0	1000.6200571859137	799.7278786899752	1.2512006694389817
2826000000.0	1000.3921391874347	801.3915476525343	1.2483188051057192
2829000000.0	999.9177062215092	799.1220131182494	1.2512703815024895
2832000000.0	999.2306812036647	798.6613543729359	1.2511318792784267
2835000000.0	999.0569924431545	799.3083441596151	1.2499018679625484
2838000000.0	999.6464798157299	801.7943975738916	1.2467616172431595
2841000000.0	1000.4747685211352	800.8804218059632	1.2492186614639575
2844000000.0	999.9567235371743	800.652310844545	1.2489275431958708
2847000000.0	1000.476416209504	798.8731433066272	1.2523595574491562
2850000000.0	997.7546743967116	799.6130924451027	1.2477968205169332
2853000000.0	998.2444862565812	799.449891282125	1.2486642341718723
2856000000.0	998.8642512700793	799.3641599649197	1.249573475140435
2859000000.0	999.8185852042028	799.3832711992247	1.2507374387561145
2862000000.0	998.1554108426444	799.0956470535893	1.2491063047621702
2865000000.0	1001.5514604895434	799.1791197219151	1.2532252604873442
2868000000.0	1001.1155981699578	799.0913960104574	1.2528173913123406
2871000000.0	996.8143200957319	803.1373298933705	1.2411505268072587
2874000000.0	999.0793717534998	800.0763635778285	1.2487300178269958
2877000000.0	998.5379064602205	799.4226412981925	1.2490738376369754
2880000000.0	1001.2185529478031	800.3969403136897	1.2509025241343474
2883000000.0	996.3495810609788	801.173699848753	1.243612441657872
2886000000.0	1001.3173440010019	799.3025034326295	1.2527389063599994
2889000000.0	1002.4923928473124	799.7281811225391	1.2535414113332397
2892000000.0	997.2992212083227	800.3357183820075	1.2461011027028819
2895000000.0	999.0887144516615	799.8346190218288	1.2491191187417143
2898000000.0	999.6396162274158	800.0597899883849	1.2494561390742165
2901000000.0	999.4370469277413	800.1546157439254	1.2490549042181525
2904000000.0	1004.1852795216874	801.5114823487797	1.2528644961878583
2907000000.0	997.595710581466	799.0490058002414	1.2484787582989127
2910000000.0	997.8431898755778	801.3116166742573	1.2452623537607004
2913000000.0	1002.8696872258314	798.1306166288597	1.2565232636504382
2916000000.0	999.4851040014751	802.1133672121742	1.2460646398093154
2919000000.0	998.34271399113	799.5641601941304	1.248608634169817
2922000000.0	1002.7342039970752	799.2828543764418	1.2545423669563829
2925000000.0	1000.8076756216645	800.7818009542657	1.2497882374812146
2928000000.0	998.8752078878684	800.2611545318409	1.248186547892879
2931000000.0	1002.9836350116326	800.6702240311153	1.2526800734039225
2934000000.0	1000.8736109971532	799.3430146328784	1.252120294635756
2937000000.0	1001.2785125070664	800.8250908805987	1.2503086178356952
2940000000.0	999.1856481401621	800.0029452931211	1.248977461919294
2943000000.0	999.6542435281514	800.9348331053367	1.2481093370010536
2946000000.0	999.1606779319751	799.8090713767673	1.2492489941531295
2949000000.0	998.6906940755579	800.1022129510972	1.2482038893405718
2952000000.0	997.6028873113767	800.6091056081415	1.2460548853658104
2955000000.0	998.6479677094683	799.8115366531446	1.248604104772439
2958000000.0	999.7568412961904	800.5057883231335	1.24890644874716
2961000000.0	999.917893032678	800.9251303048806	1.2484536384219194
2964000000.0	1001.9251603630958	799.5028458109334	1.253185233314393
2967000000.0	999.9292394685075	800.5728940243717	1.2490171062899698
2970000000.0	996.9180279910437	800.6240029606437	1.24517629287221
2973000000.0	997.7337342226251	800.1666592178465	1.246907407011807
2976000000.0	1000.0079256707545	799.9918504621803	1.2500226409719282
2979000000.0	999.6053450087408	801.2106778354896	1.2476186010266666
2982000000.0	998.8379123550465	799.2954894069784	1.2496478781534406
2985000000.0	999.0672908311334	800.3738308058379	1.2482508202763771
2988000000.0	997.2774470738929	800.2915503501962	1.2461426671786031
2991000000.0	1001.3038251463796	801.1653366736966	1.2498092207828464
2994000000.0	1000.0245487115711	799.6295280345971	1.2506098307418978
2997000000.0	1000.6241539216941	798.8387700712536	1.2525983858200096
3000000000.0	1001.7964395882602	801.7892076282865	1.2494511400965354
