Frequency (Hz)	Signal Counts	Reference Counts	Contrast
2700000000.0	1002.1062588106188	801.1129362294865	1.2508926188698515
2703000000.0	1003.612102647691	798.7233012595138	1.2565203757860652
2706000000.0	1001.8288377228422	799.6860245782653	1.2527777239213127
2709000000.0	1001.563776734769	801.1327564229725	1.2501845277263577
2712000000.0	999.8544014984662	799.9424910718201	1.2499078529492662
2715000000.0	997.2821484047823	800.2625628745642	1.2461936802622862
2718000000.0	1001.3912974421777	800.491257044276	1.2509709364468296
2721000000.0	1001.6759705197588	799.26929493977	1.2532396488410598
2724000000.0	1000.1863475906146	799.5421307620959	1.2509488982616483
2727000000.0	999.1353203835475	800.7138333167334	1.2478057438384804
2730000000.0	1000.9924386089815	801.8023849480378	1.248427863773257
2733000000.0	998.1814652099458	798.4913712738467	1.250084222723071
2736000000.0	1000.2737617605804	801.3758606171851	1.248195523371783
2739000000.0	1001.7628741878395	800.2546756823344	1.2518050873413389
2742000000.0	1001.389540978329	800.9357001899336	1.250274573528012
2745000000.0	999.6406600737087	799.650400430737	1.2500971168591244
2748000000.0	1000.7265139885051	799.8137983244899	1.251199361757577
2751000000.0	1000.8741192118222	797.5973616119957	1.2548613716436963
2754000000.0	997.8293597658399	800.7666040625123	1.246092625121444
2757000000.0	998.2672570576505	800.1153586641501	1.2476541616752979
2760000000.0	1000.1454427223872	800.0616123880654	1.250085527459693
2763000000.0	1000.351038297216	799.8919093192565	1.2506077716782498
2766000000.0	1001.3825080858134	799.2644288204561	1.2528801132356664
2769000000.0	998.4384164842272	800.4426813958804	1.2473577929940778
2772000000.0	1000.6239155186074	800.4354105144748	1.2500995113090545
2775000000.0	1001.2651328976883	798.6652227796067	1.2536731340485443
2778000000.0	1000.1150120362432	800.2232676410601	1.249794966577808
2781000000.0	999.7690717111117	798.9840237396991	1.2513004540837056
2784000000.0	997.1671550458676	800.464445615012	1.2457357231897104
2787000000.0	1000.0475416884973	801.3062598723258	1.248021626397674
2790000000.0	998.8242114080839	799.1836712258443	1.2498055795809953
2793000000.0	999.7815346191893	800.6527550720524	1.2487080426385555
2796000000.0	999.537324924052	800.7755024043469	1.2482116672187376
2799000000.0	999.7823115889221	799.3263908656403	1.2507810614212245
2802000000.0	999.491422124988	801.8561771717094	1.2464721861348922
2805000000.0	998.7513342342033	800.0065944576545	1.2484288769035499
2808000000.0	1003.5694287943461	798.159188168047	1.2573549783944244
2811000000.0	998.0897278881037	799.4977115355339	1.2483959784839775
2814000000.0	999.8637640678849	801.528534515199	1.2474462492750156
2817000000.0	997.7345659599093	798.6871563736258	1.2492182427097513
2820000000.0	1001.7971911962443	799.7968452287903	1.2525645695810037
2823000000.0	997.4296633439441	801.4154146306793	1.2445850742758613
2826000000.0	1004.0233453923029	800.3177006753399	1.2545309750678613
2829000000.0	1000.8054749426683	796.7560228361608	1.2561002945169664
2832000000.0	1000.6032732757423	799.1854857594217	1.2520288357400842
2835000000.0	998.5458334395479	799.2489478506681	1.2493552054398407
2838000000.0	999.4751046341063	800.3519546005621	1.2487944820887233
2841000000.0	997.4401007082705	799.5672588675169	1.2474749180212992
2844000000.0	999.4042698412019	797.966453449859	1.252438953442797
2847000000.0	1001.0749771994646	800.5959546585841	1.2504122352533935
2850000000.0	998.2955701078212	800.1694064812568	1.2476052721108442
2853000000.0	999.8882179869044	798.3878250937802	1.2523841002578608
2856000000.0	999.0193894301747	799.7578739899132	1.2491523021163462
2859000000.0	999.3458377595052	800.7388809851243	1.2480296155096664
2862000000.0	1001.1318678624602	799.756745545278	1.2517954658574135
2865000000.0	1001.153453061291	799.2453291501787	1.2526234643445424
2868000000.0	999.8385637463958	802.1961689738863	1.2463766375565217
2871000000.0	1001.014345152725	799.7445350470979	1.2516676279554373
2874000000.0	1000.6154186105053	799.1356540225237	1.2521221066458674
2877000000.0	1001.0845340237012	799.5855722941398	1.2520042490904737
2880000000.0	1000.26259175941	801.0303788481536	1.2487199214563416
2883000000.0	1000.4349242958804	799.9249926649507	1.2506609162978277
2886000000.0	1000.9792798057151	798.9760524822617	1.2528276369433966
2889000000.0	998.8027621614474	800.955729825031	1.2470136924791537
2892000000.0	1001.1255861361262	799.8862361685324	1.2515849640463041
2895000000.0	998.5959532754082	800.5747370749085	1.2473488195793156
2898000000.0	999.1936483958273	798.5334912166728	1.2512858375838711
2901000000.0	1000.262167177285	801.0568100911763	1.2486781893327081
2904000000.0	999.9057207494467	800.3403443579887	1.2493506391353344
2907000000.0	1001.5538408742968	799.8151630103048	1.2522316244977127
2910000000.0	1002.5290709745302	799.946083234037	1.2532458024189417
2913000000.0	999.6376148182452	800.7016172000217	1.2484520991900627
2916000000.0	1000.8370966886642	801.4723481953533	1.2487481307898063
2919000000.0	1000.9482343179216	800.4881372348865	1.2504223207797698
2922000000.0	1001.4406401724335	800.2914582125652	1.2513449067782516
2925000000.0	998.7940322801683	800.3374198566354	1.247966179638436
2928000000.0	998.8240564365763	798.826018675575	1.2503649519235625
2931000000.0	1000.9695298663212	799.6656950795384	1.2517349887902347
2934000000.0	1001.6710389140891	800.8397394918909	1.2507758912533733
2937000000.0	999.2704769637643	800.8132602327059	1.2478195936383336
2940000000.0	1000.4615520781502	801.9443948463888	1.2475447905210275
2943000000.0	1000.7329335502975	800.9685580401034	1.2494035171605227
2946000000.0	998.7167811369422	799.806544626458	1.2486979355781382
2949000000.0	1000.7092177569008	800.7690567316597	1.2496851737020125
2952000000.0	999.4696906957587	799.7674768291175	1.249700343727919
2955000000.0	999.4684078472757	799.6646132239586	1.2498594927413138
2958000000.0	1001.9332859253243	797.8847482053072	1.2557368569570808
2961000000.0	999.9690285352996	799.7511940702544	1.2503501538347899
2964000000.0	1001.6548415647356	801.0000240100043	1.2505053826967492
2967000000.0	997.0373088224416	800.7098656491157	1.2451917374768051
2970000000.0	999.1001935626201	801.429110856672	1.2466482437787312
2973000000.0	1000.1603809996456	799.825147022229	1.250473787581286
2976000000.0	1000.6041172704228	799.2220529412376	1.2519726070972064
2979000000.0	997.3151856308814	798.1564414359299	1.249523444096565
2982000000.0	1000.7156741818816	799.9187746993554	1.2510216109854335
2985000000.0	1002.0099278923651	800.5861529216301	1.2515953770067925
2988000000.0	1002.2459405630595	799.8008813361771	1.253119325010833
2991000000.0	1001.4402879425064	801.2480471675476	1.2498505194273466
2994000000.0	997.2467994185042	800.3314840607438	1.2460421953646583
2997000000.0	998.9042988173735	799.3630036300905	1.2496253820618672
3000000000.0	999.527661261545	800.9426166620304	1.2479391662627817
