Frequency (Hz)	Signal Counts	Reference Counts	Contrast
2700000000.0	998.668034218677	800.7347879767124	1.2471895179452614
2703000000.0	1001.4618166777882	800.5593799078653	1.2509525736779754
2706000000.0	1000.1001215794205	799.7762232980355	1.2504749359205876
2709000000.0	1002.2090257223141	799.3601180700332	1.25376410839965
2712000000.0	1001.1981094692959	801.6872305758866	1.2488637354870826
2715000000.0	1001.1352726862206	800.2350555856978	1.2510515075517186
2718000000.0	998.4402906212861	798.1010883471849	1.2510198334511615
2721000000.0	999.8490076473499	800.1321561580669	1.249604830842255
2724000000.0	999.601245657732	800.9881071741336	1.2479601590893785
2727000000.0	1001.0622644721656	798.5484162071272	1.2536024668697239
2730000000.0	997.8817205087838	798.8222728979256	1.2491911584897613
2733000000.0	1001.2312085297481	798.6885863230858	1.2535939860354153
2736000000.0	998.0788841977738	799.5524426009368	1.248296960923579
2739000000.0	1002.2623856075467	799.451964331643	1.2536868133727797
2742000000.0	998.8338020297913	800.8096262579193	1.2472799642746724
2745000000.0	998.7607881126639	799.5255107234991	1.2491918953391177
2748000000.0	1000.7331355039769	801.0681542443729	1.2492484318615098
2751000000.0	1003.3401974518893	800.1583595286081	1.2539270326976029
2754000000.0	1003.2777636740727	799.8814587038202	1.2542830600172294
2757000000.0	998.2212399639614	800.9211173915053	1.2463415163968166
2760000000.0	1000.4021822844911	798.7592370652162	1.2524452123522816
2763000000.0	999.4516784049746	799.2232245248589	1.2505288231572003
2766000000.0	999.5077702987213	801.2920821509206	1.2473700821000593
2769000000.0	996.3310720829799	799.6802437540173	1.2459118252137946
2772000000.0	997.6962643453965	798.6478708831378	1.2492317336827714
2775000000.0	1001.7975493377935	799.9752815329207	1.2522856298986376
2778000000.0	998.1011633804003	800.2435373424876	1.2472467652721997
2781000000.0	999.0792973676573	799.9739394192677	1.2488898052015645
2784000000.0	1001.8410985574185	799.9403676491139	1.252394727249052
2787000000.0	999.5106683933889	800.1362029501792	1.2491756587292224
2790000000.0	999.8891184956558	797.9605111082933	1.2530558900802025
2793000000.0	998.7794203187603	799.3907020573947	1.2494258661605622
2796000000.0	1000.3867789693987	799.6244243357465	1.2510708134014625
2799000000.0	1001.3672534587519	801.4255998908391	1.249482489198182
2802000000.0	1003.103228619455	797.5168893184655	1.2577830539446977
2805000000.0	1000.2461860841464	800.1172250053206	1.25012455028386
2808000000.0	999.7704417992215	800.3300544696732	1.2491976731546144
2811000000.0	999.9333718111783	801.9390181959773	1.246894525796493
2814000000.0	997.5956491213506	800.5437498779088	1.2461475706649314
2817000000.0	998.4945850803769	799.9615756459863	1.248178181900888
2820000000.0	999.911618947728	801.0876065246714	1.2481925956707873
2823000000.0	1000.5694440640117	799.6057625698695	1.2513284557233064
2826000000.0	1001.1902104962066	799.4486786140176	1.2523508228595022
2829000000.0	1000.3940739800573	799.1497356039812	1.2518230682063352
2832000000.0	1003.003507809125	800.7217106545719	1.2526243443420466
2835000000.0	997.7195510379252	798.0595004472705	1.2501819105953325
2838000000.0	997.91104871462	799.3335904782562	1.248428766915139
2841000000.0	1000.5833723631749	801.472694455218	1.248431018655349
2844000000.0	1000.3183025717431	802.4829473685934	1.246529045697317
2847000000.0	999.7640094984683	802.991833718458	1.2450487881910415
2850000000.0	1001.1000032285192	800.9973482627313	1.2498168756735424
2853000000.0	998.6650114443141	800.4739596555902	1.2475921288857381
2856000000.0	997.9813612848685	800.2761957601036	1.2470461655266207
2859000000.0	999.4905951199951	801.4837825380107	1.247050304567571
2862000000.0	999.3963493667435	801.4764997982563	1.2469440459181356
2865000000.0	999.66403559398	800.1599545540823	1.2493302494137917
2868000000.0	1002.9694572799916	800.2188153250949	1.2533690011681715
2871000000.0	1001.7444355289535	798.9463596819777	1.2538319042190769
2874000000.0	996.9369181011552	799.6491341580096	1.2467179360493896
2877000000.0	1000.8870220672527	801.3593529091019	1.2489865107755014
2880000000.0	1001.3802069442502	799.7121726144228	1.2521757717786555
2883000000.0	1002.0023300948278	799.8700387588435	1.2527064167194366
2886000000.0	999.6808228585658	799.6070834582453	1.2502150662985818
2889000000.0	999.1344636683197	800.0264933765338	1.2488767208838862
2892000000.0	1001.8057150796857	798.8839551533878	1.2540065532888771
2895000000.0	1001.7165257195961	798.9977238261993	1.253716369707072
2898000000.0	1000.6686087862636	799.059251610083	1.252308394865516
2901000000.0	1000.7355135821687	800.3380817129174	1.2503909740747963
2904000000.0	998.1653285258081	800.0086778983039	1.2476931264646778
2907000000.0	999.5847273212079	800.1710588415161	1.2492137978201836
2910000000.0	999.8976671280977	799.7926822669858	1.2501960686785993
2913000000.0	997.7368356558393	798.7725317623375	1.2490875637079375
2916000000.0	1000.6450733101601	800.9540994054477	1.2493163766225106
2919000000.0	1000.4630642846217	798.2048402716583	1.253391377511727
2922000000.0	1001.7520586547303	802.325415617789	1.2485607948532744
2925000000.0	1001.8584395571456	798.2180668306277	1.2551187215482158
2928000000.0	1000.8188355697698	799.9252701075948	1.2511404164480935
2931000000.0	1002.4233282300355	798.9173152470845	1.2547272528697313
2934000000.0	1003.7548757257249	802.1409487855733	1.2513447633428905
2937000000.0	999.8587047544844	799.4948066129224	1.2506131327987084
2940000000.0	1001.5496462059625	799.237085112608	1.2531320991753652
2943000000.0	998.6243413605252	800.1193292090511	1.2480942590747108
2946000000.0	1003.4302257289958	799.581317222417	1.2549445617547799
2949000000.0	996.7228388010446	799.032157086995	1.2474126728951236
2952000000.0	996.4324724710283	800.4938104616602	1.2447722386465006
2955000000.0	1000.3923385773114	800.068708909324	1.2503830326536258
2958000000.0	996.8736249480288	799.7492168818364	1.2464827772320504
2961000000.0	999.9727413517048	800.8191908082696	1.2486872852565245
2964000000.0	997.9494559938752	800.4107530178215	1.2467966631273573
2967000000.0	998.184085886363	802.166709946875	1.2443598986455942
2970000000.0	997.7168958502068	802.5641128651567	1.2431616114609885
2973000000.0	1000.3713043425246	800.3524175463455	1.2499135161100412
2976000000.0	1000.380317006192	801.2036249902719	1.2485968433035215
2979000000.0	998.9659595130606	800.1449323459728	1.2484812677425294
2982000000.0	999.1606926920899	798.3455066715859	1.2515391949254284
2985000000.0	1001.8748208420972	800.792236257559	1.2511045630565578
2988000000.0	1002.9749757466258	801.058596070433	1.2520619348780313
2991000000.0	997.1255545334865	798.0773119863675	1.2494097245437283
2994000000.0	1000.449891785505	800.277394192118	1.2501288916144653
2997000000.0	1001.1208165447214	797.7821428410548	1.2548799512853706
3000000000.0	1001.4868203133699	801.4530780604873	1.2495888377357827
