100	-2.86440396	-2.86440832
150	-2.86458543	-2.86459276
200	-2.86467835	-2.86469053
250	-2.86473300	-2.86473212
300	-2.86480282	-2.86478862
350	-2.86483402	-2.86484125
400	-2.86489170	-2.86489310
450	-2.86489294	-2.86489470
500	-2.86491854	-2.86491300
550	-2.86489691	-2.86490059
600	-2.86497905	-2.86498052
650	-2.86503041	-2.86502764
700	-2.86507773	-2.86508216
750	-2.86507900	-2.86508092
800	-2.86510108	-2.86510180
850	-2.86516873	-2.86515476
900	-2.86513593	-2.86513557
950	-2.86515205	-2.86514893
1000	-2.86514814	-2.86514091
1050	-2.86507529	-2.86507705
1100	-2.86498599	-2.86498918
1150	-2.86493743	-2.86494130
1200	-2.86493010	-2.86493316
1250	-2.86493567	-2.86493407
1300	-2.86491482	-2.86492365
1350	-2.86496088	-2.86496700
1400	-2.86500256	-2.86500471
1450	-2.86500927	-2.86500279
1500	-2.86504249	-2.86504813
1550	-2.86506529	-2.86507731
1600	-2.86510300	-2.86509965
1650	-2.86513424	-2.86512395
1700	-2.86517954	-2.86517778
1750	-2.86519758	-2.86519074
1800	-2.86520566	-2.86520752
1850	-2.86524445	-2.86523673
1900	-2.86524416	-2.86524826
1950	-2.86525995	-2.86526174
2000	-2.86526177	-2.86525998
2050	-2.86525741	-2.86525783
2100	-2.86528079	-2.86528464
2150	-2.86527783	-2.86527291
2200	-2.86526962	-2.86527457
2250	-2.86528825	-2.86529799
2300	-2.86531291	-2.86531278
2350	-2.86532688	-2.86531265
2400	-2.86528744	-2.86528972
2450	-2.86524526	-2.86525171
2500	-2.86521543	-2.86521540
2550	-2.86523295	-2.86523800
2600	-2.86525920	-2.86525064
2650	-2.86526500	-2.86526975
2700	-2.86527666	-2.86527751
2750	-2.86530138	-2.86530151
2800	-2.86536140	-2.86535248
2850	-2.86542113	-2.86542579
2900	-2.86542159	-2.86541911
2950	-2.86544712	-2.86545536
3000	-2.86544784	-2.86544458
3050	-2.86546174	-2.86545666
3100	-2.86549519	-2.86549744
3150	-2.86555375	-2.86555427
3200	-2.86559417	-2.86556984
3250	-2.86555629	-2.86556023
3300	-2.86553704	-2.86554059
3350	-2.86553164	-2.86552059
3400	-2.86556700	-2.86555662
3450	-2.86558547	-2.86559228
3500	-2.86559091	-2.86559690
3550	-2.86561309	-2.86561048
3600	-2.86563006	-2.86563478
3650	-2.86566914	-2.86566666
3700	-2.86568305	-2.86568721
3750	-2.86570011	-2.86570252
3800	-2.86576463	-2.86576535
3850	-2.86580827	-2.86580296
3900	-2.86581534	-2.86580566
3950	-2.86582823	-2.86582618
4000	-2.86583748	-2.86584657
4050	-2.86587546	-2.86587745
4100	-2.86589321	-2.86589539
4150	-2.86594401	-2.86595102
4200	-2.86597606	-2.86597134
4250	-2.86597977	-2.86597505
4300	-2.86607295	-2.86606843
4350	-2.86613483	-2.86613861
4400	-2.86614105	-2.86613926
4450	-2.86613653	-2.86613467
4500	-2.86613982	-2.86613037
4550	-2.86611181	-2.86611285
4600	-2.86612926	-2.86612685
4650	-2.86615672	-2.86615128
4700	-2.86618277	-2.86617926
4750	-2.86620098	-2.86620156
4800	-2.86630259	-2.86630539
4850	-2.86634441	-2.86635219
4900	-2.86636053	-2.86635968
4950	-2.86638913	-2.86638118
5000	-2.86639544	-2.86638776
5050	-2.86638606	-2.86637958
5100	-2.86641326	-2.86642283
5150	-2.86640538	-2.86640616
5200	-2.86644996	-2.86645977
5250	-2.86650230	-2.86650103
5300	-2.86648787	-2.86648569
5350	-2.86651585	-2.86650995
5400	-2.86650396	-2.86649745
5450	-2.86654213	-2.86653865
5500	-2.86656539	-2.86656630
5550	-2.86658118	-2.86658255
5600	-2.86656913	-2.86657030
5650	-2.86659326	-2.86659036
5700	-2.86662290	-2.86662482
5750	-2.86663577	-2.86663847
5800	-2.86663375	-2.86663371
5850	-2.86668752	-2.86668393
5900	-2.86664912	-2.86667188
5950	-2.86668794	-2.86668530
6000	-2.86673393	-2.86673171
6050	-2.86676565	-2.86676220
6100	-2.86678047	-2.86678444
6150	-2.86681004	-2.86681811
6200	-2.86681271	-2.86681170
6250	-2.86682645	-2.86682320
6300	-2.86684537	-2.86684570
6350	-2.86689657	-2.86689859
6400	-2.86693572	-2.86693041
6450	-2.86694669	-2.86695428
6500	-2.86702144	-2.86702867
6550	-2.86708345	-2.86708387
6600	-2.86706655	-2.86706042
6650	-2.86710680	-2.86710019
6700	-2.86711191	-2.86712514
6750	-2.86709651	-2.86710162
6800	-2.86710641	-2.86710660
6850	-2.86712367	-2.86711846
6900	-2.86711751	-2.86712279
6950	-2.86712133	-2.86712589
7000	-2.86719216	-2.86719161
7050	-2.86719216	-2.86719480
7100	-2.86722727	-2.86722359
7150	-2.86724447	-2.86724860
7200	-2.86726225	-2.86726251
7250	-2.86725085	-2.86725157
7300	-2.86729534	-2.86729635
7350	-2.86732693	-2.86733413
7400	-2.86740047	-2.86740210
7450	-2.86744616	-2.86743574
7500	-2.86748762	-2.86749296
7550	-2.86750094	-2.86749632
7600	-2.86757311	-2.86756315
7650	-2.86758858	-2.86758474
7700	-2.86760959	-2.86761444
7750	-2.86767492	-2.86767186
7800	-2.86770156	-2.86769622
7850	-2.86773543	-2.86773569
7900	-2.86777601	-2.86777181
7950	-2.86781838	-2.86781148
8000	-2.86788964	-2.86789336
8050	-2.86792110	-2.86790967
8100	-2.86797009	-2.86796963
8150	-2.86799673	-2.86799188
8200	-2.86799699	-2.86798276
8250	-2.86803461	-2.86803483
8300	-2.86807711	-2.86807476
8350	-2.86811993	-2.86811935
8400	-2.86815592	-2.86816517
8450	-2.86819836	-2.86819816
8500	-2.86818155	-2.86818302
8550	-2.86817745	-2.86817452
8600	-2.86822914	-2.86822379
8650	-2.86829206	-2.86829580
8700	-2.86832195	-2.86831847
8750	-2.86837416	-2.86836762
8800	-2.86837543	-2.86838979
8850	-2.86841162	-2.86841660
8900	-2.86843441	-2.86843292
8950	-2.86852554	-2.86852437
9000	-2.86860448	-2.86860455
9050	-2.86862637	-2.86861738
9100	-2.86865171	-2.86865360
9150	-2.86866649	-2.86866031
9200	-2.86869581	-2.86869887
9250	-2.86871815	-2.86871948
9300	-2.86880729	-2.86880771
9350	-2.86885914	-2.86886181
9400	-2.86886366	-2.86886757
9450	-2.86891216	-2.86891522
9500	-2.86896046	-2.86897342
9550	-2.86899400	-2.86898521
9600	-2.86905585	-2.86905575
9650	-2.86913584	-2.86913290
9700	-2.86919156	-2.86919384
9750	-2.86928246	-2.86928138
9800	-2.86933756	-2.86933424
9850	-2.86941957	-2.86942234
9900	-2.86949676	-2.86949819
9950	-2.86953643	-2.86953320
10000	-2.86957118	-2.86957170
10050	-2.86958284	-2.86959941
